r_hat,r1_hat,r2_hat,u_hat,t1_hat,t2_hat,tau1_hat,tau2_hat,m1,m2,m1_obs,m2_obs,gamma,alpha1,alpha2,beta1,beta2,M1,M2,cells[0],cells[1],cells[2],WBC1[0],WBC1[1],WBC1[2]
0.241632,0.291394,0.394980,1.001570,9.547843,27.421202,18.148176,8.927958,12.000000,20.000000,13.000000,30.000000,382.000000,0.085900,0.014751,0.105800,0.030495,2305.000000,8034.000000,6939.000000,850.000000,245.000000,2073.000000,198.000000,34.000000
0.245863,0.303239,0.358352,0.925110,22.645138,22.071362,23.583667,12.462354,23.000000,19.000000,24.000000,23.000000,324.000000,0.368893,0.025152,0.430519,0.038667,3459.000000,13500.000000,7166.000000,5812.000000,522.000000,2096.000000,1276.000000,87.000000
0.246322,0.303008,0.346726,1.071502,17.231677,27.913762,21.192943,13.831657,19.000000,26.000000,22.000000,33.000000,389.000000,0.185857,0.036567,0.227480,0.055691,3309.000000,12300.000000,8817.000000,2798.000000,685.000000,2573.000000,615.000000,121.000000
0.246367,0.302659,0.354457,1.119636,16.345189,15.934879,18.975173,17.440978,15.000000,20.000000,22.000000,21.000000,412.000000,0.046038,0.071418,0.057218,0.115001,6777.000000,24765.000000,20500.000000,1417.000000,2848.000000,5981.000000,312.000000,484.000000
0.250619,0.287696,0.357924,1.104283,33.652265,34.334268,18.346151,12.172159,37.000000,39.000000,41.000000,41.000000,414.000000,0.031003,0.012338,0.036763,0.020785,6322.000000,22468.000000,21175.000000,826.000000,467.000000,6048.000000,196.000000,78.000000
0.247586,0.322342,0.364652,0.956313,27.222512,27.582468,13.890037,15.141742,23.000000,28.000000,29.000000,29.000000,359.000000,0.011297,0.032092,0.015928,0.055911,7790.000000,27687.000000,25698.000000,441.000000,1548.000000,7452.000000,88.000000,250.000000
0.247583,0.311009,0.356970,1.105090,13.072917,21.631033,14.870876,13.434727,14.000000,24.000000,18.000000,27.000000,419.000000,0.013288,0.015763,0.017952,0.026798,7676.000000,26905.000000,25701.000000,483.000000,721.000000,7453.000000,102.000000,121.000000
0.252112,0.318041,0.371066,1.180618,30.736308,19.327421,9.572726,14.608011,29.000000,25.000000,40.000000,26.000000,438.000000,0.002415,0.025989,0.003285,0.046091,8696.000000,31351.000000,29803.000000,103.000000,1445.000000,8449.000000,21.000000,226.000000
0.248496,0.290346,0.293267,0.881989,28.302254,28.336566,18.933176,8.473177,23.000000,18.000000,28.000000,28.000000,335.000000,0.034917,0.001717,0.042679,0.002130,6988.000000,24415.000000,23321.000000,1042.000000,52.000000,6732.000000,244.000000,12.000000
0.249199,0.298870,0.351522,0.889786,21.379103,28.623459,20.975996,18.615940,20.000000,26.000000,22.000000,28.000000,326.000000,0.048246,0.063505,0.058566,0.100306,10944.000000,40177.000000,33794.000000,2353.000000,4030.000000,9721.000000,528.000000,695.000000
0.252064,0.289355,0.366652,1.207733,13.931985,11.348571,20.816786,11.121006,18.000000,16.000000,21.000000,17.000000,451.000000,0.039658,0.005665,0.047196,0.009923,10414.000000,37185.000000,35061.000000,1755.000000,369.000000,9942.000000,413.000000,59.000000
0.249556,0.287987,0.354518,1.040812,18.625759,27.924497,20.552613,12.325041,22.000000,30.000000,23.000000,32.000000,392.000000,0.040247,0.008547,0.048080,0.014240,9243.000000,32654.000000,30619.000000,1570.000000,465.000000,8792.000000,372.000000,79.000000
0.251638,0.299581,0.345269,0.951520,18.731943,29.683149,19.486336,17.745182,19.000000,30.000000,21.000000,31.000000,334.000000,0.099363,0.132677,0.114162,0.191561,3452.000000,13437.000000,9329.000000,1534.000000,2574.000000,2651.000000,343.000000,458.000000
0.249417,0.288597,0.385058,0.971083,20.219849,25.206996,24.337641,8.653769,22.000000,22.000000,23.000000,27.000000,357.000000,0.199964,0.004986,0.232072,0.009373,5616.000000,20485.000000,15539.000000,4754.000000,192.000000,4465.000000,1123.000000,28.000000
0.229793,0.295289,0.267778,1.020844,17.184693,34.469235,15.792792,12.308075,17.000000,30.000000,21.000000,39.000000,382.000000,0.306358,0.078035,0.374496,0.083132,346.000000,1239.000000,672.000000,464.000000,103.000000,213.000000,106.000000,27.000000
0.251761,0.295272,0.331413,1.017588,17.250322,28.429522,21.074049,11.205263,17.000000,23.000000,21.000000,32.000000,380.000000,0.049489,0.004026,0.060668,0.005913,10184.000000,36362.000000,33941.000000,2206.000000,215.000000,9639.000000,504.000000,41.000000
0.249570,0.282739,0.340469,0.928842,23.378403,31.514378,12.674315,16.388375,22.000000,30.000000,25.000000,32.000000,350.000000,0.003163,0.023284,0.003682,0.036176,11381.000000,40192.000000,38590.000000,148.000000,1454.000000,11080.000000,36.000000,265.000000
0.250793,0.299860,0.347096,1.001993,12.633286,23.067241,24.098636,16.107911,15.000000,23.000000,16.000000,26.000000,369.000000,0.097366,0.018977,0.119789,0.029568,14122.000000,51407.000000,43729.000000,6158.000000,1520.000000,12479.000000,1375.000000,268.000000
0.249873,0.316380,0.352462,1.201543,16.813559,26.292016,17.362208,15.046472,17.000000,29.000000,24.000000,35.000000,451.000000,0.018645,0.015422,0.025548,0.025311,13033.000000,46265.000000,43912.000000,1182.000000,1171.000000,12589.000000,243.000000,201.000000
0.248873,0.300874,0.348584,0.990380,13.841479,19.344953,24.368086,19.876232,16.000000,20.000000,17.000000,22.000000,355.000000,0.123315,0.082399,0.146743,0.124469,12391.000000,46871.000000,34159.000000,6878.000000,5834.000000,9842.000000,1528.000000,1021.000000
0.249839,0.302118,0.374640,1.182522,15.294343,25.237226,16.260693,10.696492,21.000000,23.000000,22.000000,33.000000,446.000000,0.017226,0.006966,0.022125,0.012858,7895.000000,27842.000000,26868.000000,616.000000,358.000000,7704.000000,136.000000,55.000000
0.249101,0.294089,0.379424,1.024670,19.045907,18.834745,20.618904,11.379059,17.000000,19.000000,23.000000,22.000000,384.000000,0.057959,0.010109,0.070885,0.018943,7419.000000,26395.000000,24024.000000,1871.000000,500.000000,6914.000000,430.000000,75.000000
0.249415,0.324038,0.333274,1.004649,35.733456,24.869889,14.533876,15.867608,31.000000,24.000000,39.000000,28.000000,379.000000,0.009534,0.017006,0.013665,0.025528,11643.000000,41053.000000,39444.000000,561.000000,1048.000000,11334.000000,111.000000,198.000000
0.250942,0.291391,0.359190,1.021527,12.231013,26.583774,19.337588,13.305263,11.000000,25.000000,16.000000,30.000000,384.000000,0.018230,0.007748,0.022103,0.013185,15359.000000,54381.000000,52462.000000,1202.000000,717.000000,14960.000000,280.000000,119.000000
0.250994,0.308694,0.336459,1.001736,26.708546,26.975865,20.393204,15.989763,27.000000,29.000000,30.000000,30.000000,373.000000,0.040930,0.016387,0.053421,0.024573,13242.000000,47491.000000,43787.000000,2537.000000,1167.000000,12483.000000,542.000000,217.000000
0.252852,0.297673,0.352878,1.007423,18.478500,24.959836,19.531926,16.355350,18.000000,25.000000,22.000000,28.000000,368.000000,0.045338,0.043443,0.054567,0.068907,7389.000000,27196.000000,23838.000000,1484.000000,1874.000000,6733.000000,335.000000,321.000000
0.252307,0.294720,0.363832,0.914481,20.664300,20.215316,19.179209,15.938943,17.000000,19.000000,22.000000,21.000000,340.000000,0.016024,0.018554,0.019466,0.031843,17786.000000,63907.000000,60628.000000,1244.000000,2035.000000,17171.000000,285.000000,330.000000
0.249891,0.302895,0.356327,0.928883,26.842271,28.413895,22.101935,16.793405,25.000000,28.000000,28.000000,29.000000,346.000000,0.043425,0.021336,0.055051,0.035332,18607.000000,66738.000000,60706.000000,3674.000000,2358.000000,17402.000000,808.000000,397.000000
0.253062,0.308475,0.352902,1.166543,21.618015,28.883992,16.199746,9.730711,21.000000,30.000000,29.000000,37.000000,434.000000,0.027096,0.005676,0.035312,0.009236,5462.000000,19597.000000,18724.000000,692.000000,181.000000,5283.000000,148.000000,31.000000
0.248102,0.303101,0.374513,0.969774,26.604659,23.109077,11.109476,12.323001,14.000000,24.000000,29.000000,25.000000,370.000000,0.001472,0.005128,0.001929,0.009600,19696.000000,68436.000000,67647.000000,132.000000,657.000000,19566.000000,29.000000,101.000000
0.248549,0.308867,0.342083,0.974239,21.396985,26.843564,19.422372,12.157535,21.000000,24.000000,24.000000,29.000000,369.000000,0.027499,0.004367,0.036728,0.006886,14655.000000,51405.000000,49163.000000,1888.000000,354.000000,14188.000000,403.000000,64.000000
0.250638,0.296896,0.350407,0.868129,28.885081,29.399439,23.195112,17.589034,23.000000,25.000000,28.000000,28.000000,317.000000,0.090901,0.044104,0.108874,0.069029,10770.000000,39679.000000,32620.000000,4320.000000,2739.000000,9316.000000,979.000000,475.000000
0.243872,0.305368,0.341184,0.915850,21.838538,38.560531,17.692357,16.813716,21.000000,35.000000,23.000000,38.000000,336.000000,0.068497,0.095649,0.085890,0.143457,3241.000000,11899.000000,9170.000000,1022.000000,1707.000000,2709.000000,222.000000,310.000000
0.250908,0.282416,0.357899,1.050490,19.305612,24.812092,14.888311,17.019639,20.000000,26.000000,24.000000,29.000000,394.000000,0.002725,0.017974,0.003148,0.030289,24591.000000,87358.000000,84437.000000,275.000000,2646.000000,24082.000000,67.000000,442.000000
0.249153,0.305036,0.325805,0.877061,17.244785,26.575146,20.340444,13.845274,16.000000,25.000000,18.000000,26.000000,332.000000,0.023867,0.004388,0.031256,0.006375,20740.000000,72786.000000,70047.000000,2275.000000,464.000000,20154.000000,495.000000,91.000000
0.249751,0.280974,0.342822,0.880762,18.013194,24.332177,18.062778,13.866071,14.000000,21.000000,19.000000,24.000000,334.000000,0.006919,0.005016,0.008055,0.007956,23124.000000,80944.000000,79648.000000,652.000000,644.000000,22848.000000,160.000000,116.000000
0.251758,0.309833,0.322241,0.929844,20.432354,29.160229,15.051441,14.670337,17.000000,26.000000,22.000000,30.000000,350.000000,0.004290,0.004574,0.005717,0.006484,24707.000000,87291.000000,86226.000000,499.000000,566.000000,24488.000000,106.000000,113.000000
0.248714,0.290199,0.342561,1.055525,23.081186,25.502704,19.514051,15.332357,24.000000,25.000000,28.000000,30.000000,401.000000,0.011640,0.007719,0.014219,0.012252,24743.000000,86435.000000,84147.000000,1229.000000,1059.000000,24264.000000,288.000000,191.000000
0.247641,0.298197,0.512990,0.996957,20.719769,38.172746,20.978611,0.000000,23.000000,27.000000,24.000000,40.000000,372.000000,0.127696,0.000245,0.158493,0.000890,4080.000000,14600.000000,12273.000000,2314.000000,13.000000,3558.000000,521.000000,1.000000
0.250066,0.308480,0.313955,1.043218,14.971169,17.903411,17.469760,14.913405,17.000000,20.000000,19.000000,22.000000,395.000000,0.008526,0.004205,0.011367,0.005761,25686.000000,90084.000000,88541.000000,1024.000000,519.000000,25359.000000,219.000000,108.000000
0.251899,0.281965,0.345330,0.975376,29.261325,21.710119,22.486337,16.630469,29.000000,23.000000,32.000000,24.000000,361.000000,0.052838,0.029075,0.059859,0.045217,10731.000000,38791.000000,34715.000000,2322.000000,1754.000000,9852.000000,567.000000,312.000000
0.253694,0.325021,0.338919,1.157965,21.967202,23.820539,16.143656,11.231772,23.000000,26.000000,29.000000,31.000000,416.000000,0.106323,0.025182,0.143430,0.036415,1787.000000,6728.000000,5518.000000,965.000000,245.000000,1552.000000,190.000000,45.000000
0.249442,0.297073,0.339127,0.850695,18.968503,33.492043,23.174379,17.887403,18.000000,29.000000,19.000000,31.000000,319.000000,0.040712,0.017960,0.050592,0.027541,23998.000000,85291.000000,78627.000000,4315.000000,2349.000000,22590.000000,977.000000,431.000000
0.250205,0.287696,0.366735,1.143442,14.015159,20.011599,20.877429,14.205052,16.000000,25.000000,20.000000,26.000000,428.000000,0.034925,0.015742,0.041314,0.027647,11625.000000,41415.000000,38559.000000,1711.000000,1145.000000,11036.000000,406.000000,183.000000
0.250408,0.297844,0.346503,0.935442,19.091814,21.701332,15.872045,16.813692,19.000000,22.000000,21.000000,23.000000,351.000000,0.007190,0.021569,0.008977,0.034351,15717.000000,55807.000000,53389.000000,501.000000,1917.000000,15265.000000,113.000000,339.000000
0.250283,0.295334,0.334597,1.007170,12.500098,21.833354,22.053788,15.665862,15.000000,24.000000,16.000000,25.000000,375.000000,0.065513,0.018371,0.079971,0.027289,10288.000000,36901.000000,32943.000000,2951.000000,1007.000000,9425.000000,674.000000,189.000000
0.250699,0.298423,0.366005,1.217145,13.902540,14.521282,21.095095,13.521017,18.000000,18.000000,21.000000,21.000000,457.000000,0.026589,0.006917,0.033337,0.012159,20384.000000,72293.000000,69004.000000,2410.000000,879.000000,19701.000000,542.000000,141.000000
0.246997,0.294745,0.379516,0.855332,21.159113,24.255216,18.719424,12.361406,18.000000,22.000000,21.000000,23.000000,327.000000,0.012066,0.005282,0.015194,0.010162,20637.000000,71540.000000,69726.000000,1087.000000,727.000000,20279.000000,249.000000,109.000000
0.251209,0.266785,0.334583,1.017748,17.868025,20.592689,17.185984,15.470436,19.000000,19.000000,22.000000,24.000000,383.000000,0.006604,0.011927,0.007091,0.017976,14840.000000,52460.000000,51145.000000,372.000000,943.000000,14565.000000,98.000000,177.000000
0.251914,0.282580,0.333365,1.083033,24.161156,21.006939,16.366972,15.786556,23.000000,25.000000,30.000000,26.000000,406.000000,0.007290,0.013794,0.008429,0.020560,13992.000000,49708.000000,48267.000000,419.000000,1022.000000,13697.000000,102.000000,193.000000
0.248761,0.310617,0.399553,1.090868,15.114626,33.248551,18.275735,9.840568,19.000000,30.000000,20.000000,39.000000,415.000000,0.009350,0.001633,0.012672,0.003453,31231.000000,108900.000000,107144.000000,1380.000000,376.000000,30888.000000,292.000000,51.000000
0.249113,0.325769,0.339429,1.146178,16.997035,23.227828,17.467489,17.137947,22.000000,27.000000,23.000000,30.000000,434.000000,0.008730,0.009910,0.012684,0.015416,33906.000000,118967.000000,115624.000000,1509.000000,1834.000000,33274.000000,296.000000,336.000000
0.251207,0.305640,0.344553,1.058287,21.296176,33.004772,19.959182,15.966348,24.000000,33.000000,26.000000,38.000000,381.000000,0.109020,0.059888,0.133793,0.089282,4091.000000,15367.000000,11939.000000,2056.000000,1372.000000,3400.000000,446.000000,245.000000
0.251047,0.303280,0.284277,0.994360,13.799144,26.652472,22.544624,9.283396,16.000000,28.000000,17.000000,30.000000,374.000000,0.027076,0.000407,0.034872,0.000476,34422.000000,121760.000000,117456.000000,4246.000000,58.000000,33476.000000,932.000000,14.000000
0.252233,0.299745,0.361867,0.874898,20.666628,36.098221,21.792959,10.639678,19.000000,28.000000,21.000000,34.000000,328.000000,0.019564,0.001338,0.024657,0.002301,35115.000000,124711.000000,121349.000000,3075.000000,287.000000,34381.000000,687.000000,47.000000
0.247210,0.320649,0.326283,1.103747,7.753379,24.115309,15.866550,6.734099,11.000000,25.000000,12.000000,30.000000,404.000000,0.144772,0.008043,0.195673,0.011181,1119.000000,4114.000000,3263.000000,805.000000,46.000000,948.000000,162.000000,9.000000
0.251370,0.340950,0.363230,1.231071,15.749932,19.991346,9.321183,13.504590,19.000000,27.000000,23.000000,28.000000,454.000000,0.007275,0.040921,0.011003,0.069184,3299.000000,11997.000000,11035.000000,132.000000,830.000000,3140.000000,24.000000,135.000000
0.250303,0.295793,0.344553,0.855328,23.509518,39.186791,19.755506,4.671085,22.000000,28.000000,23.000000,36.000000,324.000000,0.009777,0.000142,0.012242,0.000226,35287.000000,123669.000000,122127.000000,1514.000000,28.000000,34937.000000,345.000000,5.000000
0.249890,0.307312,0.305211,0.849643,22.639219,37.917373,19.061844,11.648810,18.000000,32.000000,22.000000,35.000000,322.000000,0.011469,0.001147,0.015220,0.001506,30517.000000,106901.000000,105113.000000,1627.000000,161.000000,30132.000000,350.000000,35.000000
0.243506,0.300141,0.328941,1.105818,22.893165,21.376260,11.649552,11.137436,19.000000,22.000000,29.000000,27.000000,427.000000,0.014398,0.017016,0.018851,0.025729,2292.000000,7851.000000,7501.000000,148.000000,202.000000,2220.000000,33.000000,39.000000
0.249692,0.298998,0.353485,1.006957,28.434404,25.970669,19.153490,13.138845,30.000000,21.000000,32.000000,29.000000,382.000000,0.007736,0.002621,0.009860,0.004386,39684.000000,138843.000000,136865.000000,1369.000000,609.000000,39273.000000,307.000000,104.000000
0.250017,0.305012,0.346837,1.020889,23.168990,23.564351,19.585489,16.276943,25.000000,23.000000,27.000000,27.000000,383.000000,0.022855,0.016458,0.029572,0.026248,17195.000000,61071.000000,57662.000000,1806.000000,1603.000000,16519.000000,393.000000,283.000000
0.248965,0.303612,0.317876,1.111618,15.597701,26.540565,24.254329,15.568209,20.000000,30.000000,21.000000,33.000000,403.000000,0.202593,0.018102,0.248576,0.023853,7789.000000,28969.000000,21077.000000,7201.000000,691.000000,6070.000000,1578.000000,141.000000
0.250458,0.274321,0.279421,1.033846,14.732604,21.569975,17.452169,11.221396,16.000000,24.000000,19.000000,26.000000,392.000000,0.003036,0.000582,0.003419,0.000672,39530.000000,138355.000000,137789.000000,473.000000,93.000000,39387.000000,120.000000,23.000000
0.250517,0.301234,0.361028,0.954131,26.026389,32.864634,13.180078,12.727894,18.000000,29.000000,28.000000,34.000000,353.000000,0.020842,0.038930,0.025956,0.065378,2543.000000,9208.000000,8367.000000,239.000000,602.000000,2391.000000,53.000000,99.000000
0.249531,0.294363,0.354639,0.866895,11.598882,29.479408,17.111347,14.033219,11.000000,26.000000,13.000000,28.000000,329.000000,0.004772,0.004493,0.005946,0.007568,32269.000000,112850.000000,111325.000000,671.000000,854.000000,31970.000000,154.000000,145.000000
0.250375,0.284923,0.381751,0.997089,20.560337,23.456390,12.163778,10.085499,20.000000,16.000000,24.000000,26.000000,378.000000,0.000771,0.001133,0.000916,0.002182,41490.000000,145260.000000,144810.000000,133.000000,317.000000,41411.000000,32.000000,47.000000
0.250820,0.309545,0.349693,0.951510,20.941564,21.312457,20.948927,18.244949,22.000000,22.000000,23.000000,23.000000,355.000000,0.022728,0.020473,0.029862,0.032878,28819.000000,103107.000000,96638.000000,3079.000000,3390.000000,27574.000000,655.000000,590.000000
0.249253,0.310372,0.369061,0.928667,32.312854,25.287533,16.509113,15.481808,27.000000,25.000000,33.000000,26.000000,338.000000,0.036044,0.065008,0.045889,0.110989,4661.000000,17281.000000,14570.000000,793.000000,1918.000000,4190.000000,168.000000,303.000000
0.250026,0.302205,0.219722,0.954089,24.990229,27.940526,22.039933,3.154649,23.000000,16.000000,27.000000,31.000000,360.000000,0.031303,0.000080,0.040258,0.000068,24950.000000,87907.000000,84362.000000,3539.000000,6.000000,24167.000000,781.000000,2.000000
0.250181,0.288239,0.312182,0.883626,16.901269,30.747771,21.140716,11.652126,16.000000,21.000000,18.000000,30.000000,335.000000,0.008730,0.000749,0.010538,0.001019,50744.000000,177647.000000,175594.000000,1872.000000,181.000000,50263.000000,443.000000,38.000000
0.250752,0.289220,0.257571,0.977732,28.248462,29.869167,18.569414,8.073280,27.000000,21.000000,31.000000,33.000000,370.000000,0.007063,0.000263,0.008548,0.000271,30442.000000,106814.000000,105872.000000,913.000000,29.000000,30219.000000,215.000000,8.000000
0.251575,0.299940,0.349617,1.114313,13.716872,24.959567,22.737920,10.478789,16.000000,23.000000,19.000000,31.000000,381.000000,0.481345,0.020494,0.535560,0.029231,1903.000000,7663.000000,3335.000000,4104.000000,224.000000,948.000000,916.000000,39.000000
0.250048,0.304062,0.345750,1.111943,17.395709,26.785522,24.296735,17.758138,22.000000,27.000000,23.000000,33.000000,408.000000,0.099385,0.028536,0.124198,0.043925,16260.000000,59510.000000,49505.000000,7391.000000,2614.000000,14180.000000,1616.000000,464.000000
0.250709,0.315310,0.362588,0.976763,21.399474,30.003324,13.382092,12.938506,17.000000,30.000000,24.000000,32.000000,368.000000,0.005029,0.008061,0.006891,0.013992,13522.000000,47741.000000,46744.000000,329.000000,668.000000,13345.000000,68.000000,109.000000
0.249534,0.299272,0.361789,1.186557,18.570699,14.934223,16.937440,15.261556,20.000000,17.000000,26.000000,21.000000,448.000000,0.007826,0.012305,0.009922,0.021325,20317.000000,71560.000000,69324.000000,710.000000,1526.000000,19908.000000,159.000000,250.000000
0.249050,0.321727,0.358352,1.174902,17.319017,19.338961,17.149493,10.971968,21.000000,22.000000,24.000000,26.000000,447.000000,0.006033,0.001236,0.008646,0.002127,41271.000000,143875.000000,142325.000000,1244.000000,306.000000,40971.000000,249.000000,51.000000
0.251261,0.299006,0.365625,1.106797,17.436269,29.791256,12.076426,11.331637,17.000000,31.000000,23.000000,36.000000,418.000000,0.000986,0.001678,0.001249,0.002968,37542.000000,132069.000000,131512.000000,165.000000,392.000000,37442.000000,37.000000,63.000000
0.248936,0.285202,0.367656,0.878845,30.629423,37.105054,19.880196,9.670314,29.000000,29.000000,30.000000,35.000000,335.000000,0.005198,0.000627,0.006222,0.001134,55790.000000,193992.000000,192565.000000,1207.000000,220.000000,55465.000000,290.000000,35.000000
0.245577,0.298399,0.345350,0.935369,22.307113,28.108207,14.423882,15.162728,18.000000,26.000000,24.000000,29.000000,355.000000,0.013482,0.034250,0.017108,0.054963,5489.000000,19231.000000,17845.000000,329.000000,1057.000000,5227.000000,74.000000,188.000000
0.248999,0.295622,0.347364,1.044770,22.460312,18.178442,26.342377,13.425236,24.000000,21.000000,27.000000,22.000000,394.000000,0.053498,0.002353,0.066510,0.003789,45048.000000,158879.000000,147710.000000,10567.000000,602.000000,42532.000000,2410.000000,106.000000
0.250453,0.280388,0.359839,0.987130,19.733386,35.716418,23.100025,11.684931,21.000000,31.000000,23.000000,38.000000,370.000000,0.067483,0.006956,0.077148,0.011831,9632.000000,34233.000000,31187.000000,2641.000000,405.000000,8915.000000,650.000000,67.000000
0.248089,0.277259,0.343049,1.003910,21.295903,17.007076,9.251099,15.775142,19.000000,18.000000,25.000000,20.000000,382.000000,0.000817,0.014071,0.000937,0.022428,15919.000000,55512.000000,54215.000000,52.000000,1245.000000,15682.000000,13.000000,224.000000
0.249359,0.291170,0.352718,1.016662,16.237814,36.509330,16.384511,11.309282,15.000000,36.000000,20.000000,40.000000,387.000000,0.002084,0.000953,0.002565,0.001597,56635.000000,197266.000000,196445.000000,506.000000,315.000000,56463.000000,118.000000,54.000000
0.249863,0.300939,0.368110,1.010924,16.460952,24.980865,21.871658,14.393302,19.000000,27.000000,20.000000,28.000000,378.000000,0.044573,0.012347,0.056252,0.021802,16198.000000,57793.000000,53282.000000,3251.000000,1260.000000,15276.000000,722.000000,200.000000
0.250339,0.305405,0.356711,1.189113,13.544922,19.061649,21.089830,14.908755,19.000000,24.000000,20.000000,26.000000,446.000000,0.029362,0.009553,0.038059,0.016004,21354.000000,75855.000000,71754.000000,2887.000000,1214.000000,20523.000000,627.000000,204.000000
0.250392,0.282197,0.338049,0.984704,24.891330,24.461266,8.159484,15.968570,14.000000,26.000000,28.000000,27.000000,373.000000,0.000179,0.003960,0.000210,0.006125,55806.000000,195595.000000,194356.000000,41.000000,1198.000000,55575.000000,10.000000,221.000000
0.247165,0.285423,0.340184,1.124453,18.729462,12.178877,15.264028,16.086198,19.000000,15.000000,25.000000,17.000000,423.000000,0.014692,0.044830,0.017277,0.069321,5309.000000,18811.000000,17182.000000,325.000000,1304.000000,4993.000000,78.000000,238.000000
0.249491,0.291663,0.351500,1.057190,24.948487,25.532154,14.893255,17.564128,21.000000,29.000000,30.000000,30.000000,401.000000,0.001214,0.007569,0.001491,0.012538,63418.000000,221963.000000,218849.000000,331.000000,2783.000000,62861.000000,77.000000,480.000000
0.249910,0.302360,0.374360,0.848114,28.528042,33.880486,16.072940,11.024494,26.000000,29.000000,27.000000,31.000000,322.000000,0.002373,0.001140,0.003079,0.002121,54370.000000,190006.000000,189018.000000,585.000000,403.000000,54179.000000,129.000000,62.000000
0.249542,0.310482,0.341716,1.026002,12.373714,28.262622,19.683807,12.474321,14.000000,28.000000,16.000000,32.000000,389.000000,0.012326,0.001940,0.016625,0.003060,36589.000000,128120.000000,125598.000000,2130.000000,392.000000,36067.000000,451.000000,71.000000
0.249646,0.313522,0.365870,0.972032,24.587289,19.899782,14.094184,15.069362,21.000000,21.000000,27.000000,22.000000,369.000000,0.001230,0.003675,0.001687,0.006549,67486.000000,235922.000000,233979.000000,398.000000,1545.000000,67155.000000,83.000000,248.000000
0.250289,0.278045,0.314243,1.139807,27.110422,27.524719,17.422330,11.028828,26.000000,20.000000,35.000000,35.000000,431.000000,0.020395,0.005139,0.023315,0.007040,6227.000000,21874.000000,21210.000000,510.000000,154.000000,6068.000000,127.000000,32.000000
0.251609,0.296566,0.328261,0.963968,18.413040,21.850749,22.441649,14.177616,17.000000,21.000000,21.000000,24.000000,363.000000,0.011266,0.001522,0.014056,0.002226,68969.000000,243532.000000,239567.000000,3423.000000,542.000000,68087.000000,777.000000,105.000000
0.250362,0.303664,0.332072,0.997235,20.773424,25.066228,20.169274,14.749349,21.000000,26.000000,24.000000,28.000000,377.000000,0.011027,0.003233,0.014324,0.004841,41442.000000,145633.000000,142842.000000,2086.000000,705.000000,40851.000000,457.000000,134.000000
0.251763,0.303150,0.355593,0.924030,14.016766,31.818714,19.497896,18.244678,15.000000,30.000000,16.000000,32.000000,345.000000,0.009781,0.017415,0.012463,0.028843,37727.000000,134801.000000,129233.000000,1680.000000,3888.000000,36701.000000,369.000000,657.000000
0.250939,0.308936,0.383956,0.855296,31.838674,26.625192,18.494883,12.943719,26.000000,23.000000,30.000000,25.000000,323.000000,0.004317,0.002052,0.005750,0.003977,70180.000000,246940.000000,244538.000000,1420.000000,982.000000,69733.000000,303.000000,144.000000
0.250233,0.291180,0.351258,0.814787,27.248556,33.972517,17.493469,13.381851,22.000000,27.000000,25.000000,30.000000,304.000000,0.035706,0.024096,0.042794,0.038998,4565.000000,16334.000000,14998.000000,699.000000,637.000000,4292.000000,163.000000,110.000000
0.253274,0.307942,0.364116,1.086574,25.282683,30.385290,21.616815,14.911034,30.000000,31.000000,31.000000,36.000000,400.000000,0.048977,0.014353,0.062740,0.024349,15885.000000,57826.000000,52790.000000,3628.000000,1408.000000,14879.000000,778.000000,228.000000
0.249562,0.323174,0.347906,0.737521,26.735343,28.311204,15.605924,17.170775,16.000000,19.000000,22.000000,23.000000,280.000000,0.001787,0.004531,0.002573,0.007381,86740.000000,303199.000000,300181.000000,780.000000,2238.000000,86192.000000,155.000000,393.000000
0.251101,0.292128,0.349946,1.060268,16.383150,20.721355,21.460115,20.138882,20.000000,24.000000,21.000000,25.000000,395.000000,0.013229,0.028814,0.015901,0.046242,39911.000000,143074.000000,134183.000000,2275.000000,6616.000000,38233.000000,528.000000,1150.000000
0.249957,0.288088,0.346322,1.017909,20.106581,38.373574,20.293967,15.255172,21.000000,37.000000,24.000000,42.000000,386.000000,0.005430,0.003092,0.006550,0.004990,63723.000000,223046.000000,220472.000000,1461.000000,1113.000000,63180.000000,346.000000,197.000000
0.251918,0.310907,0.350672,0.973184,15.279598,11.534109,16.029270,14.211587,10.000000,12.000000,18.000000,14.000000,364.000000,0.011518,0.011518,0.015296,0.018661,12676.000000,45175.000000,43641.000000,691.000000,843.000000,12384.000000,146.000000,146.000000
0.250552,0.310818,0.350621,0.986542,14.014582,28.570805,17.551521,15.263920,13.000000,29.000000,17.000000,31.000000,373.000000,0.004144,0.003736,0.005579,0.006139,56472.000000,198419.000000,196094.000000,1107.000000,1218.000000,56027.000000,234.000000,211.000000
0.256652,0.287566,0.330481,1.072440,17.036501,14.690715,16.150718,15.431658,14.000000,18.000000,22.000000,19.000000,375.000000,0.094288,0.148685,0.101695,0.198746,1103.000000,4307.000000,3013.000000,438.000000,856.000000,835.000000,104.000000,164.000000
