0.0406656 0.0240869 0.921508 165.315 175.791 0.0092172 0.03065 2375 0.403789 10164 0.588154 2763 
0.0352481 0.0245217 0.941988 155.284 179.445 0.0127933 0.0554214 2793 0.314357 10062 0.426257 3176 
0.0378148 0.0259057 1.04149 176.15 134.015 0.0565063 0.323347 8092 0.16782 29051 0.256308 3511 
0.0386289 0.0247491 0.863602 201.069 168.011 0.017551 0.135965 8891 0.260713 33203 0.397073 2842 
0.0395899 0.0255497 1.02891 173.981 132.653 0.0770019 0.227922 8712 0.126148 30564 0.213552 3536 
0.035926 0.0259862 0.915212 203.805 144.218 0.0261612 0.189229 9460 0.0990486 32163 0.146721 3210 
0.0368718 0.025927 1.05835 171.3 156.07 0.0495316 0.110742 10223 0.0927321 34768 0.143293 3713 
0.0379458 0.025028 0.886473 202.644 134.545 0.0566299 0.11873 10980 0.0469945 35118 0.0810411 3272 
0.0373526 0.0271374 0.958797 220.413 144.267 0.0135633 0.293117 11644 0.147544 42887 0.215123 3159 
0.0294819 0.0255895 1.07023 143.613 147.951 0.177306 0.248555 12709 0.0520104 40599 0.0613562 3941 
0.0424343 0.0258023 1.13478 202.91 67.8345 0.325913 0.076339 13689 0.00233764 43829 0.00492824 4170 
0.0101906 0.0260969 1.13444 107.257 170.368 0.284863 0.0987556 15351 0.00358283 49586 0.00175453 4141 
0.0432182 0.024673 1.0983 185.365 102.148 0.306512 0.0684991 15094 0.00867895 46332 0.0197704 4193 
0.0390463 0.0245549 1.03503 210.132 92.8783 0.0587707 0.696084 4747 0.141142 16192 0.23981 3648 
0.0410594 0.0258035 0.888044 171.581 143.649 0.120027 0.0192702 16026 0.0106702 51720 0.0209783 3244 
0.0377736 0.0253603 1.11234 133.549 125.314 0.63413 0.705307 19869 0.10685 67174 0.172969 3930 
0.0380909 0.0264494 0.963799 171.921 164.59 0.00588787 0.159244 3841 0.57485 17627 0.69541 2726 
0.037973 0.0243652 1.09554 150.747 126.559 0.368993 0.453916 14481 0.100891 47043 0.171503 4009 
0.0365281 0.0255097 0.878676 205.929 159.119 0.0444719 0.247091 21566 0.104887 72545 0.161348 3113 
0.0373108 0.024852 0.840025 187.477 192.748 0.036505 0.0552272 20621 0.0953397 67618 0.155846 3044 
0.0373798 0.0258163 0.965046 152.514 158.324 0.103141 0.127309 13473 0.0939657 45814 0.148579 3388 
0.0391013 0.0245867 1.17405 137.962 125.629 0.79971 0.163374 21792 0.0260646 67470 0.0489106 4454 
0.0373297 0.0251296 0.876862 227.528 152.739 0.0336767 0.0755631 19540 0.0310133 61913 0.0525092 3258 
0.0401089 0.0247047 0.961545 231.946 104.731 0.0829779 0.0757339 13880 0.00907781 42572 0.017993 3672 
0.040068 0.0232216 0.883313 217.312 140.942 0.0297712 0.00621826 5303 0.00829719 15220 0.0175427 3587 
0.0423062 0.02588 0.997045 181.97 165.89 0.053191 0.0158728 17117 0.0244786 56323 0.0499263 3589 
0.0371201 0.0257239 0.983953 163.11 179.205 0.0215406 0.0529183 6691 0.164998 23646 0.248118 3357 
0.0375957 0.0251471 0.823352 210.238 199.853 0.0107441 0.0623583 15904 0.191147 56392 0.292683 2809 
0.0397199 0.0244195 1.01201 191.225 130.274 0.226439 0.120484 24348 0.0220141 74657 0.0428895 3872 
0.0377102 0.0261778 1.08267 162.83 135.12 0.0784743 0.143429 7935 0.0782609 27144 0.124853 3779 
0.0377489 0.0265351 0.941463 196.566 148.678 0.0242932 0.168338 9936 0.122886 35439 0.188352 3182 
0.0404671 0.0259259 1.03335 188.188 107.064 0.173562 0.0924772 14303 0.0121653 46447 0.0231447 3755 
0.0492237 0.0259283 1.05664 154.769 135.825 0.0639591 0.0110007 4796 0.0373228 16468 0.0995871 3689 
0.0390372 0.0246313 0.882391 240.705 150.269 0.0378155 0.135299 24586 0.0497438 77864 0.090992 3289 
0.0412607 0.0255295 0.97418 206.727 135.881 0.0859454 0.0545698 21533 0.0167185 69095 0.0333599 3579 
0.0369651 0.0249158 1.22239 161.921 94.3732 1.12311 0.4844 27175 0.0157866 84336 0.026845 4620 
0.036576 0.0261732 0.909719 180.416 172.289 0.0217907 0.143296 10640 0.200846 38693 0.286408 3033 
0.0379498 0.0216428 0.857254 229.116 182.225 0.00246137 0.0925338 3293 0.746128 15768 0.859589 2373 
0.0313209 0.024692 1.0222 173.512 148.54 0.29613 0.118009 34474 0.0114579 105143 0.0153791 3920 
0.0374888 0.0253426 0.875956 221.055 173.123 0.0218257 0.137632 21189 0.114116 71782 0.182009 3090 
0.0375462 0.0282066 0.875782 217.719 153.366 0.000605249 0.130956 1859 0.594406 8669 0.690506 2443 
0.0362713 0.0240578 0.962899 191.56 127.03 0.410755 0.31735 37269 0.0235316 111928 0.0400793 3751 
0.0273322 0.0247213 1.10088 173.245 93.4146 0.580236 0.121255 17176 0.00331858 52268 0.00373077 4229 
0.0388143 0.0228428 0.798868 204.562 203.579 0.0123198 0.0244772 7741 0.220127 26648 0.366744 2821 
0.0583703 0.0257868 1.05356 228.701 62.0175 0.172259 0.0453369 12067 0.00240325 38817 0.0103305 3859 
0.0380018 0.0226447 0.959042 187.441 149.503 0.0506892 0.220219 6309 0.269456 22169 0.424016 3334 
0.0332703 0.0239756 0.85791 226.38 163.864 0.0569705 0.0368124 27755 0.00929562 82034 0.0140551 3386 
0.0362311 0.0239275 0.93925 186.4 149.329 0.0656688 0.402128 10940 0.226965 37500 0.33808 3301 
0.0425344 0.0247774 0.953092 186.333 129.703 0.379975 0.0280323 38753 0.00423193 118790 0.00936106 3640 
0.0476207 0.0249496 1.0407 192.32 89.4811 0.364204 0.0550826 16591 0.00494244 51435 0.01359 3937 
0.0386972 0.0241489 0.798769 199.505 200.555 0.0217042 0.0356793 16269 0.133014 54160 0.227954 2873 
0.0330505 0.0248024 0.852132 244.348 115.988 0.129615 0.143009 39969 0.00500388 122298 0.00723642 3258 
0.0394363 0.0249206 0.957522 161.583 152.781 0.168909 0.162817 18825 0.0907304 62610 0.160901 3434 
0.0219419 0.0251529 1.05758 203.107 111.11 0.141021 0.0364106 15194 0.00125049 47116 0.00108243 3995 
0.0342903 0.021459 0.75805 275.567 159.613 0.000313367 0.137181 1119 0.851653 4895 0.91093 2212 
0.0358355 0.0255445 0.970705 156.497 162.053 0.202102 0.217786 29075 0.0695443 95538 0.106157 3500 
0.0376794 0.0250075 1.02717 203.218 132.44 0.12629 0.107162 22741 0.0183809 71061 0.032057 3860 
0.0390398 0.024936 0.945649 165.788 147.802 0.430546 0.0986391 43787 0.0184986 136691 0.0343329 3558 
0.0357834 0.0230322 0.831318 210.23 150.391 0.0299596 0.121173 6001 0.122646 18526 0.198802 3186 
0.0391965 0.0255387 1.11042 151.898 132.167 0.764897 0.0987818 42817 0.0104631 136322 0.0191752 4103 
0.0410379 0.0250158 0.916315 211.359 125.169 0.0495813 0.0434139 9159 0.0196528 28818 0.0395933 3426 
0.0391606 0.0250109 1.11516 159.191 130.918 0.113225 0.0439304 6601 0.028632 20861 0.0527779 4155 
0.0356266 0.0251893 1.1666 176.8 91.5894 0.641615 0.306794 22210 0.0101306 69416 0.0161058 4379 
0.0365632 0.0249565 0.892628 294.173 80.3751 0.0940857 0.179985 43331 0.00214627 133404 0.00361309 3394 
0.041413 0.0262956 0.948223 198.375 113.082 0.141395 0.054017 19523 0.00722225 64194 0.0141602 3408 
0.0299398 0.0256458 1.12589 158.448 137.882 0.30957 0.223836 24575 0.018881 78242 0.0228138 4157 
0.0357411 0.0251365 0.996682 175.697 134.08 0.0724957 0.21789 7681 0.0956907 25198 0.145686 3604 
0.0382446 0.0234423 0.91565 155.145 173.579 0.151562 0.153545 17431 0.175951 58394 0.293609 3289 
0.0341076 0.0235046 1.02243 153.579 158.61 0.102095 0.314091 8737 0.235664 28786 0.331932 3706 
0.0397658 0.025365 0.96855 159.665 152.467 0.183202 0.22167 22215 0.10781 76398 0.187662 3381 
0.0386327 0.0247739 1.00007 171.101 154.373 0.317194 0.0934299 41601 0.0226196 129327 0.0413912 3778 
0.0432082 0.0264843 0.928594 197.62 133.54 0.00920529 0.0374734 2517 0.110449 9316 0.208566 3062 
0.0384027 0.0248686 0.988757 231.86 89.56 0.205024 0.213167 24584 0.0070371 75722 0.0128628 3760 
0.0413602 0.0248021 0.90553 187.853 145.379 0.0234114 0.0295527 3959 0.073756 13073 0.143655 3269 
0.036483 0.0245062 0.847018 178.016 184.885 0.180994 0.0985972 56089 0.0409528 173912 0.0682069 3210 
0.0359746 0.0222837 0.836106 223.367 168.659 0.0039972 0.105697 2384 0.531879 9442 0.677822 2645 
0.0370221 0.0257994 0.867375 175.9 190.802 0.0263466 0.0771812 15554 0.15668 54777 0.235391 2966 
0.0384142 0.0245111 0.958786 181.522 150.413 0.202932 0.662447 33850 0.164609 116594 0.269199 3354 
0.0361312 0.0245354 0.940466 162.654 165.246 0.283539 0.140019 37558 0.0404175 116430 0.0662716 3564 
0.0340786 0.0245163 1.00829 149.177 160.484 0.134371 0.251952 12616 0.13903 40866 0.198918 3689 
0.0383769 0.0249789 0.932716 202.308 145.63 0.223333 0.603435 57402 0.0732553 187350 0.126218 3391 
0.0342854 0.025412 1.03328 146.003 132.045 0.562873 0.529286 27369 0.0521758 88079 0.075841 3787 
0.0380866 0.0246377 0.876749 177.907 187.13 0.155764 0.0868272 53746 0.0528225 170027 0.0926794 3270 
0.0360932 0.0248366 1.16621 152.364 108.755 0.823508 0.210848 22029 0.0134368 67954 0.0221032 4430 
0.0371461 0.0259711 1.19866 141.6 99.3849 0.773146 0.892645 16519 0.058357 55182 0.092947 4262 
0.0381177 0.0249104 0.931837 158.347 170.967 0.141346 0.186007 24030 0.13737 81941 0.223917 3278 
0.0685978 0.0246914 0.98703 315.706 35.3305 0.227658 0.0668572 53593 0.000205251 163009 0.00147845 3794 
0.0364046 0.0248944 0.909594 156.129 176.072 0.0711239 0.0948171 12739 0.124264 42346 0.192368 3260 
0.0423178 0.0245377 0.974499 179.551 149.796 0.0623432 0.0518659 8910 0.07789 29446 0.158256 3522 
0.0386505 0.0247877 0.903987 221.918 128.884 0.230394 0.113286 55976 0.00762827 171907 0.0141414 3447 
0.0362825 0.0244907 0.986846 180.171 156.956 0.0969532 0.245668 17264 0.116601 56214 0.183264 3600 
0.0387298 0.0253088 0.957879 184.019 155.79 0.204542 0.201881 46079 0.0472015 149553 0.0830943 3492 
0.0380994 0.0251941 1.0481 200.83 132.473 0.177196 0.179996 31927 0.0230213 101003 0.0404146 3898 
0.0347738 0.0254125 0.921962 190.341 157.083 0.0603571 0.0811584 16769 0.0327986 53524 0.0491368 3401 
0.0325354 0.0270866 0.98284 147.32 144.154 0.00134225 0.184694 751 0.822903 3122 0.855862 2953 
0.034963 0.024797 1.05346 165.996 156.746 0.0271601 0.0616426 3698 0.114386 12036 0.169492 3837 
0.0385019 0.0249012 0.969305 176.234 142.738 0.550729 0.13385 63110 0.013421 195723 0.0244734 3666 
0.0364799 0.0259417 1.09003 133.134 138.005 0.741212 0.229652 33377 0.028972 109144 0.0457469 3939 
0.0321703 0.0243225 0.929146 215.378 153.55 0.14862 0.0363751 48364 0.00326689 144698 0.00464416 3625 
0.0331011 0.0266611 1.02096 159.807 148.292 0.0138817 0.13367 2470 0.221457 8809 0.2754 3443 
0.0347227 0.0248573 0.920681 198.206 174.745 0.123569 0.185336 55101 0.0418141 172577 0.0636933 3455 
0.038853 0.0245088 0.942292 198.184 153.402 0.139488 0.0802796 32243 0.0248426 99333 0.046329 3590 
0.0345863 0.0256066 0.90627 161.979 175.909 0.150448 0.0613224 34400 0.0226163 110118 0.0335004 3333 
0.0390951 0.0140478 0.894943 216.895 151.539 0.0134189 0.0506889 654 0.74159 3135 0.898565 2568 
0.0366984 0.0245371 0.871621 217.123 167.307 0.0317259 0.0811475 17177 0.059731 54073 0.0989403 3264 
0.0367199 0.0237016 0.913942 156.586 173.164 0.05205 0.164577 8032 0.322211 29325 0.460631 3065 
0.0390313 0.0235836 0.983936 146.139 151.973 0.0640988 0.0616344 3668 0.162214 12327 0.279549 3525 
0.0384695 0.0251034 1.01246 149.815 157.002 0.725258 0.155507 65635 0.0258551 207444 0.0461956 3770 
0.0359954 0.0245501 1.03231 184.364 132.542 0.0938098 0.767626 11659 0.215885 40311 0.315447 3594 
0.0389291 0.0252116 0.864631 175.554 186.556 0.142168 0.108998 55996 0.0712908 184730 0.124582 3115 
0.0388476 0.0258906 1.01633 152.351 140.139 0.0979714 0.165878 8346 0.11838 29266 0.193911 3488 
0.0372374 0.0244881 1.01824 164.653 152.542 0.074132 0.111702 8031 0.109451 26224 0.179073 3708 
0.0376736 0.0248144 0.974174 189.024 130.285 0.252304 0.11852 28502 0.0149463 88082 0.0263504 3696 
0.0379077 0.0258506 1.06668 204.242 96.5968 0.339514 0.725438 32066 0.0232333 104342 0.039313 3871 
0.0372217 0.024928 0.813206 200.629 185.013 0.0751813 0.0476038 46376 0.0269967 145226 0.0460248 3052 
0.0346034 0.025749 0.976788 163.569 146.37 0.0804325 0.0463228 9345 0.0226859 30102 0.0334197 3573 
0.0335889 0.0235991 0.88373 197.673 155.073 0.054121 0.460322 11963 0.209479 38711 0.293482 3247 
0.0360311 0.0249957 1.01264 161.85 145.793 0.306466 0.140992 27548 0.0271526 86319 0.043849 3797 
0.0358731 0.025509 0.809077 193.364 187.924 0.0475963 0.0888811 33355 0.0628991 109050 0.0966621 2929 
0.0300506 0.0247358 1.14318 169.665 106.719 0.646132 0.536448 24768 0.0178052 75752 0.0225077 4373 
0.0366865 0.0247964 1.04242 152.131 142.365 0.455206 0.486001 29699 0.0827301 95951 0.133454 3821 
0.0404924 0.0252397 1.04652 260.057 53.3687 0.24402 0.125955 26387 0.00102323 82242 0.00203059 3936 
0.180795 0.025753 1.114 145.276 113.224 0.760882 4.65679e-10 22998 8.69641e-05 80103 0.0852527 3809 
0.0371109 0.0244615 0.836749 225.22 189.416 0.0499983 0.154347 56619 0.082958 181053 0.13781 3097 
0.0482266 0.0237236 0.854118 276.647 76.6583 0.0494048 0.0298988 9118 0.00274183 26664 0.00821332 3406 
0.0351171 0.0291723 1.0114 183.111 138.014 0.00253919 0.268661 1993 0.48871 8517 0.55536 2984 
0.0364762 0.0243399 0.924627 170.502 162.488 0.128786 0.227416 19856 0.117748 64450 0.187277 3384 
0.0380704 0.0253668 1.05883 165.454 133.511 0.541189 0.203071 42805 0.0200911 136120 0.0350426 3919 
0.0411172 0.0249863 0.987758 145.762 151.934 0.694755 0.038529 47750 0.0101361 148579 0.020723 3725 
0.0413544 0.0229432 0.963078 175.18 165.667 0.0821198 0.0545777 10160 0.122736 33045 0.242639 3557 
0.0399004 0.0248208 1.06682 160.536 133.978 0.2908 0.176938 18449 0.0504092 59130 0.0947235 3937 
0.0321349 0.0250389 1.11489 153.653 124.519 0.183661 0.48901 8600 0.0967442 27502 0.128463 4110 
0.0382616 0.0270142 1.09614 170.92 112.415 0.0980053 0.280013 8192 0.065918 28827 0.104798 3736 
0.0356835 0.02512 0.761333 242.554 179.522 0.0160936 0.131608 28012 0.0797158 90959 0.122297 2775 
0.0342538 0.0246773 1.12128 168.794 113.153 0.736771 0.414788 31969 0.0182677 98007 0.0278347 4283 
0.0385358 0.0259919 1.05926 143.98 155.505 0.0460591 0.322396 7607 0.440384 32685 0.580511 3140 
0.0364 0.0219278 0.967544 182.337 120.037 0.0347242 0.359424 1980 0.393939 7232 0.554895 3267 
0.0400973 0.0251142 0.929497 189.155 169.397 0.186851 0.0425273 61518 0.0153614 193281 0.029708 3477 
0.0333597 0.0249334 1.04343 185.659 117.904 0.0721653 0.201184 5914 0.0520798 18598 0.0743091 3901 
0.0361504 0.0247217 0.818928 211.675 185.366 0.0553745 0.132729 44012 0.0678451 139987 0.108517 3039 
0.0336473 0.0251833 0.950866 169.046 155.301 0.620251 0.0597132 87193 0.00378471 271273 0.00552949 3582 
0.0412826 0.0242991 0.872458 167.19 166.51 0.13234 0.0234854 18648 0.0294938 57540 0.0612617 3325 
0.044125 0.0241901 1.09195 235.59 55.322 0.168513 0.257401 7996 0.00837919 24037 0.020302 4249 
0.0400601 0.0222747 1.04465 222.967 68.4131 0.174771 0.274015 5275 0.0200948 14727 0.0436613 4369 
0.0358961 0.0250561 0.983741 206.96 116.023 0.11292 0.453309 15552 0.0522762 49603 0.0824345 3637 
0.0361727 0.023919 1.01634 134.702 152.273 0.294748 0.158511 12878 0.0839416 40117 0.137224 3849 
0.0399707 0.0255914 1.06366 175.233 121.604 0.761747 0.274927 60157 0.0147614 192850 0.0278195 3909 
0.0358782 0.0241446 0.773153 287.719 110.143 0.0118393 0.108271 7442 0.0210965 22381 0.0352531 3007 
0.0370758 0.0245099 0.931424 171.649 175.224 0.00917437 0.0780816 3239 0.430997 12957 0.571429 2911 
0.0377886 0.0252734 1.06412 172.763 118.666 0.227285 0.774907 16029 0.113357 54269 0.183364 3757 
0.0390831 0.024352 1.06629 171.358 142.175 0.60023 0.0766711 51522 0.00985987 155567 0.0189565 4130 
0.0431955 0.0251403 0.895964 226.86 166.439 0.0051351 0.0308644 4968 0.19062 19079 0.346716 2895 
0.0424247 0.0245131 0.820961 265.115 147.154 0.082111 0.0355473 82462 0.00522665 250105 0.0116271 3166 
0.0371919 0.0250871 0.915498 192.665 174.023 0.238149 0.190746 97191 0.034139 307975 0.0574397 3402 
0.0372339 0.0255523 0.952287 177.913 159.955 0.196862 0.132164 44634 0.0306941 143934 0.0508427 3484 
0.0354703 0.0270363 0.826265 171.501 182.402 0.00204708 0.0900225 2721 0.601985 11738 0.688533 2428 
0.0390452 0.0226081 0.847277 242.306 141.952 0.00131972 0.0896139 932 0.628755 4353 0.780152 2391 
0.0360665 0.0245386 0.881903 161.637 185.356 0.337297 0.0191498 68983 0.00616094 208988 0.0103068 3403 
0.0368423 0.0243115 1.06796 152.639 149.565 0.090001 0.0870286 6328 0.0922882 20218 0.151598 3958 
0.0376113 0.0242598 0.81799 162.901 194.916 0.112724 0.0636968 29942 0.086367 95552 0.14704 3036 
0.0612239 0.0244691 0.947222 237.039 86.5124 0.407602 0.00551949 45720 0.000393701 137732 0.00205471 3673 
0.0386317 0.0252363 1.00594 168.957 140.935 0.13716 0.381822 15828 0.144554 55167 0.23592 3477 
0.0368802 0.0248538 0.964877 137.673 158.51 1.01171 0.201884 65959 0.0286996 205995 0.0483119 3630 
0.0414538 0.023368 1.14883 210.028 53.5467 0.308445 0.598971 6377 0.0208562 18730 0.0458623 4577 
0.036087 0.0224598 0.790443 245.554 196.388 0.00219614 0.0463305 3536 0.434389 13287 0.586438 2603 
0.0380472 0.0245786 0.865064 217.629 153.409 0.189825 0.083161 71282 0.0105076 217326 0.0190957 3321 
0.0373121 0.0250416 0.942078 238.57 104.084 0.339413 0.217278 72489 0.00390404 224344 0.00676194 3566 
0.039551 0.0260724 1.01514 167.792 141.148 0.0861117 0.154338 11437 0.0906706 39766 0.154604 3504 
0.0340663 0.0256872 1.01793 169.088 150.28 0.100822 0.0547916 14612 0.0184095 46813 0.0266165 3740 
0.0379276 0.0250774 1.02404 147.455 150.597 0.503899 0.38854 38509 0.0804487 126527 0.134936 3702 
0.0382489 0.0257145 1.0313 184.27 137.453 0.216944 0.0272942 33179 0.00412912 105868 0.00723543 3801 
0.0154033 0.0246174 0.824261 331.798 82.5228 0.102932 0.0475297 112442 9.78282e-05 340422 6.46257e-05 3181 
0.0367487 0.025073 0.943273 180.575 162.011 0.518421 0.095312 112153 0.00890747 348726 0.0149716 3557 
0.0372058 0.0250097 0.831156 210.142 171.613 0.227195 0.0549088 128151 0.00682788 396876 0.0117619 3145 
0.0356854 0.0261608 0.82335 248.895 150.995 0.00138209 0.0727293 2292 0.19459 8213 0.270547 2774 
0.0415721 0.0280012 1.05761 178.288 139.7 0.0365296 0.0635777 10113 0.0503313 37165 0.0889278 3484 
0.0409146 0.0248237 1.02365 152.376 153.816 0.23414 0.171765 21134 0.107457 71959 0.198947 3611 
0.0356843 0.0257572 0.988255 218.876 87.45 0.0928935 0.0866131 9687 0.00567771 30971 0.00884699 3636 
0.0343973 0.0256528 0.973078 172.351 163.194 0.0262879 0.159758 6882 0.184975 23777 0.251714 3373 
0.0366346 0.0249027 0.955292 231.263 115.24 0.183341 0.406903 41918 0.0180591 130167 0.0302381 3609 
0.0433469 0.0247123 0.909367 180.368 147.858 0.0712666 0.071436 10609 0.0943539 36254 0.194185 3204 
0.033898 0.0249899 0.977327 164.908 167.141 0.033639 0.0949543 6214 0.13019 20360 0.182662 3537 
0.0346744 0.0251721 1.07816 152.024 130.293 0.597622 0.279631 29701 0.0248813 93421 0.0376575 4027 
0.0340804 0.0255267 1.04694 157.869 143.663 0.79941 0.240761 69904 0.0135185 221883 0.0197401 3877 
0.0408507 0.0249716 1.07086 179.096 96.6751 0.845638 0.203876 33409 0.0077524 103607 0.0157132 4049 
0.0393477 0.0248952 0.950348 186.087 159.191 0.186761 0.135076 42379 0.0425447 134987 0.0784668 3522 
0.0381175 0.0249576 1.12414 141.004 128.192 0.564611 0.437091 20241 0.0750457 66001 0.127922 4090 
0.0345299 0.0248515 0.900687 227.51 141.84 0.137469 0.180145 54303 0.0128722 167318 0.0197588 3424 
0.0372315 0.025178 0.946171 227.852 96.2146 0.138305 0.224717 19420 0.011174 60784 0.0190675 3548 
0.0395183 0.0255334 0.915506 201.892 179.102 0.0106472 0.0399727 8197 0.146273 29177 0.243274 3113 
0.0387663 0.0248421 0.919323 158.035 156.468 0.396373 0.157198 41195 0.0424081 130646 0.0765274 3419 
0.0365298 0.0250683 0.933994 194.254 156.145 0.279896 0.221215 74707 0.0243217 234611 0.0400791 3495 
0.0354708 0.0243556 1.15403 149.446 126.169 0.480694 0.28838 16954 0.042114 52116 0.0675992 4406 
0.0378461 0.0281556 0.898128 230.779 109.69 0.000520157 0.0971207 432 0.377315 1850 0.483784 2655 
0.0407759 0.0251608 1.08208 147.367 140.234 0.809642 0.199498 46182 0.032242 147992 0.0630304 3987 
0.042197 0.024613 0.865848 211.909 167.415 0.0217501 0.0289348 10825 0.0740878 35696 0.150045 3133 
0.0352414 0.0254624 0.975387 185.898 156.333 0.00758723 0.146959 2844 0.362166 10735 0.468561 3166 
0.0357781 0.0239343 0.798949 188.584 195.605 0.0324902 0.11356 16847 0.206268 56645 0.306911 2849 
0.0368531 0.0251237 1.12693 160.099 108.673 0.217481 0.39628 8002 0.0737316 26056 0.118898 4100 
0.0393561 0.0249765 0.995834 192.499 136.057 0.228835 0.061936 33898 0.00982359 105235 0.0185965 3762 
0.034275 0.0246462 0.998536 167.112 134.496 0.248781 0.265075 17853 0.0435221 55400 0.0655776 3778 
0.0363336 0.02492 0.9733 159.47 168.18 0.211864 0.223519 32663 0.0848667 105959 0.134193 3554 
0.035511 0.024529 0.979222 159.744 138.896 0.507668 0.179983 32127 0.0218819 98238 0.0353733 3751 
0.0378624 0.0260407 1.07252 160.998 148.495 0.0293299 0.252055 5404 0.340674 21617 0.467965 3341 
0.0356033 0.024877 0.959083 166.891 150.747 0.987734 0.398173 109693 0.0218428 340567 0.0349212 3624 
0.0413431 0.0259161 1.08357 159.464 104.699 1.05272 0.0779589 38333 0.00373047 123503 0.00744111 3961 
0.0340805 0.0249561 0.96986 148.003 161.275 1.55265 0.212902 141462 0.0107661 437250 0.0161441 3676 
0.0363409 0.0256957 0.992935 173.906 138.721 0.314749 0.146857 38370 0.0162888 123167 0.0260378 3643 
0.0387631 0.0245852 1.02319 211.695 145.283 0.0510727 0.260395 15335 0.122269 51422 0.208646 3652 
0.0399205 0.0250761 0.83158 198.621 161.872 0.0820284 0.026682 28010 0.0152803 87830 0.0293749 3116 
0.0374808 0.0243702 0.939009 207.609 129.07 0.287896 0.18507 43848 0.0142082 132787 0.0253413 3628 
0.0392543 0.0238865 1.05937 196.356 87.7088 0.289094 0.0752985 10768 0.00557207 31722 0.0110649 4195 
0.0371647 0.0372445 0.902602 199.106 161.721 8.35947e-06 0.30271 3474 0.955671 18502 0.955518 2307 
0.0361809 0.0253129 0.942307 209.014 143.627 0.0623685 0.157023 19332 0.0405545 61936 0.0644859 3468 
0.0400004 0.0247545 0.96683 163.244 132.767 0.740088 0.0794087 45898 0.00875855 141030 0.0172446 3686 
0.0386624 0.0265892 0.977117 165.514 148.603 0.0495381 0.260481 10005 0.210595 38133 0.314741 3148 
0.0335786 0.0256712 1.02645 189.422 102.663 0.699781 0.187052 49371 0.00354459 156974 0.00505179 3794 
0.032756 0.0240595 0.951037 166.099 157.867 0.110351 0.140988 11890 0.0637511 36178 0.0914921 3664 
0.03577 0.0266649 0.836938 207.426 179.745 0.000476364 0.0547641 1493 0.635633 6552 0.724359 2432 
0.0384828 0.0249952 0.894468 223.324 129.23 0.0022928 0.136374 1128 0.453901 4790 0.603967 2680 
0.0401294 0.0249854 0.98174 196.117 131.181 0.0686495 0.0732841 10136 0.0348264 32262 0.0665799 3639 
0.0340939 0.0260106 0.88456 165.116 165.438 0.0897796 0.0725272 19308 0.0310234 63087 0.0440344 3197 
0.0366374 0.0248386 1.01888 142.5 161.511 0.039431 0.164634 4690 0.355864 17917 0.4844 3289 
0.0408477 0.0243824 0.968892 157.17 164.022 0.188496 0.0432442 20330 0.042302 63733 0.0848069 3646 
0.0358241 0.0246266 0.961424 185.311 140.597 0.206677 0.175665 26432 0.0285639 81558 0.0464087 3655 
