0.0406656 0.0240869 0.921508 165.315 178.326 0.00867124 0.0276478 2375 0.403789 10164 0.588154 2763 
0.0352481 0.0245217 0.941988 155.284 176.358 0.0137994 0.0617923 2793 0.314357 10062 0.426257 3176 
0.0378148 0.0259057 1.04149 176.15 135.687 0.0541115 0.30354 8092 0.16782 29051 0.256308 3511 
0.0386289 0.0247491 0.863602 201.069 166.524 0.0182089 0.144003 8891 0.260713 33203 0.397073 2842 
0.0395899 0.0255497 1.02891 173.981 130.559 0.0812347 0.247627 8712 0.126148 30564 0.213552 3536 
0.035926 0.0259862 0.915212 203.805 145.394 0.025374 0.181403 9460 0.0990486 32163 0.146721 3210 
0.0368718 0.025927 1.05835 171.3 153.913 0.0523807 0.119909 10223 0.0927321 34768 0.143293 3713 
0.0379458 0.025028 0.886473 202.644 140.855 0.0483565 0.0934476 10980 0.0469945 35118 0.0810411 3272 
0.0373526 0.0271374 0.958797 220.413 148.354 0.0121396 0.251624 11644 0.147544 42887 0.215123 3159 
0.0294819 0.0255895 1.07023 143.613 150.659 0.165432 0.229477 12709 0.0520104 40599 0.0613562 3941 
0.0424343 0.0258023 1.13478 202.91 66.2201 0.339776 0.081752 13689 0.00233764 43829 0.00492824 4170 
0.0101906 0.0260969 1.13444 107.257 171.911 0.273623 0.0972153 15351 0.00358283 49586 0.00175453 4141 
0.0432182 0.024673 1.0983 185.365 100.982 0.315454 0.0720376 15094 0.00867895 46332 0.0197704 4193 
0.0390463 0.0245549 1.03503 210.132 96.7303 0.0534666 0.59888 4747 0.141142 16192 0.23981 3648 
0.0410594 0.0258035 0.888044 171.581 146.826 0.110577 0.016913 16026 0.0106702 51720 0.0209783 3244 
0.0377736 0.0253603 1.11234 133.549 127.267 0.603493 0.655157 19869 0.10685 67174 0.172969 3930 
0.0380909 0.0264494 0.963799 171.921 168.953 0.00524616 0.134861 3841 0.57485 17627 0.69541 2726 
0.037973 0.0243652 1.09554 150.747 128.519 0.351787 0.421362 14481 0.100891 47043 0.171503 4009 
0.0365281 0.0255097 0.878676 205.929 162.299 0.041007 0.219995 21566 0.104887 72545 0.161348 3113 
0.0373108 0.024852 0.840025 187.477 189.365 0.0397071 0.0626577 20621 0.0953397 67618 0.155846 3044 
0.0373798 0.0258163 0.965046 152.514 157.678 0.104877 0.130424 13473 0.0939657 45814 0.148579 3388 
0.0391013 0.0245867 1.17405 137.962 127.517 0.76343 0.151745 21792 0.0260646 67470 0.0489106 4454 
0.0373297 0.0251296 0.876862 227.528 155.159 0.0316897 0.0690362 19540 0.0310133 61913 0.0525092 3258 
0.0401089 0.0247047 0.961545 231.946 100.879 0.0912626 0.0883875 13880 0.00907781 42572 0.017993 3672 
0.040068 0.0232216 0.883313 217.312 138.116 0.0317911 0.00696401 5303 0.00829719 15220 0.0175427 3587 
0.0423062 0.02588 0.997045 181.97 159.894 0.062121 0.0204566 17117 0.0244786 56323 0.0499263 3589 
0.0371201 0.0257239 0.983953 163.11 171.204 0.0264635 0.0712191 6691 0.164998 23646 0.248118 3357 
0.0375957 0.0251471 0.823352 210.238 193.243 0.0126868 0.0799489 15904 0.191147 56392 0.292683 2809 
0.0397199 0.0244195 1.01201 191.225 130.522 0.225071 0.119303 24348 0.0220141 74657 0.0428895 3872 
0.0377102 0.0261778 1.08267 162.83 134.182 0.080426 0.148596 7935 0.0782609 27144 0.124853 3779 
0.0377489 0.0265351 0.941463 196.566 150.486 0.0231547 0.157227 9936 0.122886 35439 0.188352 3182 
0.0404671 0.0259259 1.03335 188.188 110.767 0.157676 0.0796094 14303 0.0121653 46447 0.0231447 3755 
0.0492237 0.0259283 1.05664 154.769 136.85 0.0622818 0.0104594 4796 0.0373228 16468 0.0995871 3689 
0.0390372 0.0246313 0.882391 240.705 153.714 0.0347388 0.118274 24586 0.0497438 77864 0.090992 3289 
0.0412607 0.0255295 0.97418 206.727 138.19 0.0810242 0.0496096 21533 0.0167185 69095 0.0333599 3579 
0.0369651 0.0249158 1.22239 161.921 95.5194 1.09149 0.464307 27175 0.0157866 84336 0.026845 4620 
0.036576 0.0261732 0.909719 180.416 178.792 0.0183802 0.112962 10640 0.200846 38693 0.286408 3033 
0.0379498 0.0216428 0.857254 229.116 174.229 0.00292636 0.125336 3293 0.746128 15768 0.859589 2373 
0.0313209 0.024692 1.0222 173.512 147.879 0.301005 0.120479 34474 0.0114579 105143 0.0153791 3920 
0.0374888 0.0253426 0.875956 221.055 174.803 0.0209157 0.129229 21189 0.114116 71782 0.182009 3090 
0.0375462 0.0282066 0.875782 217.719 155.743 0.000565995 0.119774 1859 0.594406 8669 0.690506 2443 
0.0362713 0.0240578 0.962899 191.56 127.812 0.403099 0.308475 37269 0.0235316 111928 0.0400793 3751 
0.0273322 0.0247213 1.10088 173.245 92.0384 0.600316 0.125902 17176 0.00331858 52268 0.00373077 4229 
0.0388143 0.0228428 0.798868 204.562 203.126 0.012448 0.0249115 7741 0.220127 26648 0.366744 2821 
0.0583703 0.0257868 1.05356 228.701 60.0955 0.181011 0.0507195 12067 0.00240325 38817 0.0103305 3859 
0.0380018 0.0226447 0.959042 187.441 156.653 0.0431123 0.167824 6309 0.269456 22169 0.424016 3334 
0.0332703 0.0239756 0.85791 226.38 167.063 0.0527635 0.033095 27755 0.00929562 82034 0.0140551 3386 
0.0362311 0.0239275 0.93925 186.4 155.09 0.0572128 0.326373 10940 0.226965 37500 0.33808 3301 
0.0425344 0.0247774 0.953092 186.333 131.69 0.361719 0.0257603 38753 0.00423193 118790 0.00936106 3640 
0.0476207 0.0249496 1.0407 192.32 90.4112 0.355849 0.052696 16591 0.00494244 51435 0.01359 3937 
0.0386972 0.0241489 0.798769 199.505 190.922 0.0273883 0.0517961 16269 0.133014 54160 0.227954 2873 
0.0330505 0.0248024 0.852132 244.348 113.646 0.137364 0.154514 39969 0.00500388 122298 0.00723642 3258 
0.0394363 0.0249206 0.957522 161.583 148.234 0.189176 0.194795 18825 0.0907304 62610 0.160901 3434 
0.0219419 0.0251529 1.05758 203.107 111.63 0.139188 0.0359975 15194 0.00125049 47116 0.00108243 3995 
0.0342903 0.021459 0.75805 275.567 160.805 0.00030545 0.131684 1119 0.851653 4895 0.91093 2212 
0.0358355 0.0255445 0.970705 156.497 166.08 0.182346 0.18852 29075 0.0695443 95538 0.106157 3500 
0.0376794 0.0250075 1.02717 203.218 134.276 0.120622 0.0999991 22741 0.0183809 71061 0.032057 3860 
0.0390398 0.024936 0.945649 165.788 157.56 0.337552 0.0673904 43787 0.0184986 136691 0.0343329 3558 
0.0357834 0.0230322 0.831318 210.23 153.801 0.0276965 0.107253 6001 0.122646 18526 0.198802 3186 
0.0391965 0.0255387 1.11042 151.898 129.202 0.825059 0.110954 42817 0.0104631 136322 0.0191752 4103 
0.0410379 0.0250158 0.916315 211.359 122.47 0.0530444 0.0484985 9159 0.0196528 28818 0.0395933 3426 
0.0391606 0.0250109 1.11516 159.191 126.981 0.124941 0.0512526 6601 0.028632 20861 0.0527779 4155 
0.0356266 0.0251893 1.1666 176.8 91.9528 0.635768 0.302847 22210 0.0101306 69416 0.0161058 4379 
0.0365632 0.0249565 0.892628 294.173 79.5136 0.0961305 0.185744 43331 0.00214627 133404 0.00361309 3394 
0.041413 0.0262956 0.948223 198.375 111.323 0.148089 0.0580989 19523 0.00722225 64194 0.0141602 3408 
0.0299398 0.0256458 1.12589 158.448 134.927 0.333942 0.244541 24575 0.018881 78242 0.0228138 4157 
0.0357411 0.0251365 0.996682 175.697 132.813 0.0748421 0.227986 7681 0.0956907 25198 0.145686 3604 
0.0382446 0.0234423 0.91565 155.145 177.959 0.136774 0.129866 17431 0.175951 58394 0.293609 3289 
0.0341076 0.0235046 1.02243 153.579 162.319 0.0935717 0.276769 8737 0.235664 28786 0.331932 3706 
0.0397658 0.025365 0.96855 159.665 153.147 0.180068 0.215753 22215 0.10781 76398 0.187662 3381 
0.0386327 0.0247739 1.00007 171.101 160.793 0.270549 0.0729058 41601 0.0226196 129327 0.0413912 3778 
0.0432082 0.0264843 0.928594 197.62 135.43 0.00875587 0.0345349 2517 0.110449 9316 0.208566 3062 
0.0384027 0.0248686 0.988757 231.86 91.6232 0.194769 0.196929 24584 0.0070371 75722 0.0128628 3760 
0.0413602 0.0248021 0.90553 187.853 150.371 0.0206847 0.024039 3959 0.073756 13073 0.143655 3269 
0.036483 0.0245062 0.847018 178.016 182.917 0.189937 0.105937 56089 0.0409528 173912 0.0682069 3210 
0.0359746 0.0222837 0.836106 223.367 164.281 0.00440676 0.123723 2384 0.531879 9442 0.677822 2645 
0.0370221 0.0257994 0.867375 175.9 179.231 0.0355113 0.118454 15554 0.15668 54777 0.235391 2966 
0.0384142 0.0245111 0.958786 181.522 156.602 0.174368 0.522274 33850 0.164609 116594 0.269199 3354 
0.0361312 0.0245354 0.940466 162.654 171.303 0.244386 0.112499 37558 0.0404175 116430 0.0662716 3564 
0.0340786 0.0245163 1.00829 149.177 157.822 0.143433 0.275876 12616 0.13903 40866 0.198918 3689 
0.0383769 0.0249789 0.932716 202.308 148.033 0.210323 0.550282 57402 0.0732553 187350 0.126218 3391 
0.0342854 0.025412 1.03328 146.003 132.316 0.55901 0.524392 27369 0.0521758 88079 0.075841 3787 
0.0380866 0.0246377 0.876749 177.907 182.992 0.172482 0.101649 53746 0.0528225 170027 0.0926794 3270 
0.0360932 0.0248366 1.16621 152.364 108.985 0.818821 0.209106 22029 0.0134368 67954 0.0221032 4430 
0.0371461 0.0259711 1.19866 141.6 102.437 0.714219 0.796955 16519 0.058357 55182 0.092947 4262 
0.0381177 0.0249104 0.931837 158.347 171.661 0.138926 0.181156 24030 0.13737 81941 0.223917 3278 
0.0685978 0.0246914 0.98703 315.706 35.1917 0.228439 0.0674968 53593 0.000205251 163009 0.00147845 3794 
0.0364046 0.0248944 0.909594 156.129 176.413 0.0705231 0.0936479 12739 0.124264 42346 0.192368 3260 
0.0423178 0.0245377 0.974499 179.551 152.135 0.0588649 0.0469768 8910 0.07789 29446 0.158256 3522 
0.0386505 0.0247877 0.903987 221.918 127.537 0.238219 0.119342 55976 0.00762827 171907 0.0141414 3447 
0.0362825 0.0244907 0.986846 180.171 149.909 0.115216 0.317238 17264 0.116601 56214 0.183264 3600 
0.0387298 0.0253088 0.957879 184.019 158.95 0.188821 0.178625 46079 0.0472015 149553 0.0830943 3492 
0.0380994 0.0251941 1.0481 200.83 127.336 0.201679 0.218907 31927 0.0230213 101003 0.0404146 3898 
0.0347738 0.0254125 0.921962 190.341 156.041 0.0619773 0.084154 16769 0.0327986 53524 0.0491368 3401 
0.0325354 0.0270866 0.98284 147.32 149.19 0.00117111 0.156785 751 0.822903 3122 0.855862 2953 
0.034963 0.024797 1.05346 165.996 153.372 0.0295306 0.0693621 3698 0.114386 12036 0.169492 3837 
0.0385019 0.0249012 0.969305 176.234 139.594 0.595586 0.151077 63110 0.013421 195723 0.0244734 3666 
0.0364799 0.0259417 1.09003 133.134 136.381 0.773102 0.243667 33377 0.028972 109144 0.0457469 3939 
0.0321703 0.0243225 0.929146 215.378 150.748 0.159104 0.0398071 48364 0.00326689 144698 0.00464416 3625 
0.0331011 0.0266611 1.02096 159.807 144.503 0.0153575 0.151534 2470 0.221457 8809 0.2754 3443 
0.0347227 0.0248573 0.920681 198.206 170.389 0.137702 0.215603 55101 0.0418141 172577 0.0636933 3455 
0.038853 0.0245088 0.942292 198.184 153.407 0.13947 0.0802631 32243 0.0248426 99333 0.046329 3590 
0.0345863 0.0256066 0.90627 161.979 177.874 0.143065 0.0572928 34400 0.0226163 110118 0.0335004 3333 
0.0390951 0.0140478 0.894943 216.895 152.263 0.0132831 0.0492742 654 0.74159 3135 0.898565 2568 
0.0366984 0.0245371 0.871621 217.123 167.162 0.0318387 0.0815792 17177 0.059731 54073 0.0989403 3264 
0.0367199 0.0237016 0.913942 156.586 170.507 0.0554343 0.181448 8032 0.322211 29325 0.460631 3065 
0.0390313 0.0235836 0.983936 146.139 157.548 0.0562023 0.0495825 3668 0.162214 12327 0.279549 3525 
0.0384695 0.0251034 1.01246 149.815 157.67 0.713203 0.151563 65635 0.0258551 207444 0.0461956 3770 
0.0359954 0.0245501 1.03231 184.364 138.362 0.0813197 0.622542 11659 0.215885 40311 0.315447 3594 
0.0389291 0.0252116 0.864631 175.554 185.436 0.146238 0.113854 55996 0.0712908 184730 0.124582 3115 
0.0388476 0.0258906 1.01633 152.351 139.672 0.0991641 0.168917 8346 0.11838 29266 0.193911 3488 
0.0372374 0.0244881 1.01824 164.653 145.25 0.088625 0.14655 8031 0.109451 26224 0.179073 3708 
0.0376736 0.0248144 0.974174 189.024 130.955 0.248142 0.115565 28502 0.0149463 88082 0.0263504 3696 
0.0379077 0.0258506 1.06668 204.242 100.591 0.306204 0.6235 32066 0.0232333 104342 0.039313 3871 
0.0372217 0.024928 0.813206 200.629 189.408 0.0673798 0.04042 46376 0.0269967 145226 0.0460248 3052 
0.0346034 0.025749 0.976788 163.569 150.45 0.0724118 0.040224 9345 0.0226859 30102 0.0334197 3573 
0.0335889 0.0235991 0.88373 197.673 161.964 0.0459979 0.365204 11963 0.209479 38711 0.293482 3247 
0.0360311 0.0249957 1.01264 161.85 147.986 0.290117 0.130279 27548 0.0271526 86319 0.043849 3797 
0.0358731 0.025509 0.809077 193.364 190.996 0.0440096 0.0796084 33355 0.0628991 109050 0.0966621 2929 
0.0300506 0.0247358 1.14318 169.665 105.974 0.65814 0.548583 24768 0.0178052 75752 0.0225077 4373 
0.0366865 0.0247964 1.04242 152.131 148.704 0.389003 0.385171 29699 0.0827301 95951 0.133454 3821 
0.0404924 0.0252397 1.04652 260.057 53.7462 0.241706 0.124045 26387 0.00102323 82242 0.00203059 3936 
0.180795 0.025753 1.114 145.276 110.901 0.807775 7.08641e-10 22998 8.69641e-05 80103 0.0852527 3809 
0.0371109 0.0244615 0.836749 225.22 197.819 0.0407088 0.112998 56619 0.082958 181053 0.13781 3097 
0.0482266 0.0237236 0.854118 276.647 72.5476 0.0544655 0.0364544 9118 0.00274183 26664 0.00821332 3406 
0.0351171 0.0291723 1.0114 183.111 141.247 0.00231065 0.239826 1993 0.48871 8517 0.55536 2984 
0.0364762 0.0243399 0.924627 170.502 157.277 0.1462 0.275021 19856 0.117748 64450 0.187277 3384 
0.0380704 0.0253668 1.05883 165.454 130.095 0.590177 0.231275 42805 0.0200911 136120 0.0350426 3919 
0.0411172 0.0249863 0.987758 145.762 150.392 0.722043 0.0410507 47750 0.0101361 148579 0.020723 3725 
0.0413544 0.0229432 0.963078 175.18 163.416 0.0864725 0.0599026 10160 0.122736 33045 0.242639 3557 
0.0399004 0.0248208 1.06682 160.536 139.186 0.255538 0.143739 18449 0.0504092 59130 0.0947235 3937 
0.0321349 0.0250389 1.11489 153.653 124.276 0.184778 0.492831 8600 0.0967442 27502 0.128463 4110 
0.0382616 0.0270142 1.09614 170.92 109.663 0.10557 0.31111 8192 0.065918 28827 0.104798 3736 
0.0356835 0.02512 0.761333 242.554 181.409 0.0153484 0.123035 28012 0.0797158 90959 0.122297 2775 
0.0342538 0.0246773 1.12128 168.794 114.379 0.71481 0.397726 31969 0.0182677 98007 0.0278347 4283 
0.0385358 0.0259919 1.05926 143.98 150.601 0.0523211 0.389465 7607 0.440384 32685 0.580511 3140 
0.0364 0.0219278 0.967544 182.337 124.956 0.0311739 0.300505 1980 0.393939 7232 0.554895 3267 
0.0400973 0.0251142 0.929497 189.155 169.471 0.186503 0.0424009 61518 0.0153614 193281 0.029708 3477 
0.0333597 0.0249334 1.04343 185.659 116.706 0.0743533 0.209387 5914 0.0520798 18598 0.0743091 3901 
0.0361504 0.0247217 0.818928 211.675 194.683 0.0439823 0.094774 44012 0.0678451 139987 0.108517 3039 
0.0336473 0.0251833 0.950866 169.046 154.527 0.63246 0.0612888 87193 0.00378471 271273 0.00552949 3582 
0.0412826 0.0242991 0.872458 167.19 164.14 0.140186 0.0258997 18648 0.0294938 57540 0.0612617 3325 
0.044125 0.0241901 1.09195 235.59 53.2139 0.17733 0.282494 7996 0.00837919 24037 0.020302 4249 
0.0400601 0.0222747 1.04465 222.967 69.4623 0.170734 0.262737 5275 0.0200948 14727 0.0436613 4369 
0.0358961 0.0250561 0.983741 206.96 114.571 0.117106 0.477573 15552 0.0522762 49603 0.0824345 3637 
0.0361727 0.023919 1.01634 134.702 151.633 0.299299 0.162226 12878 0.0839416 40117 0.137224 3849 
0.0399707 0.0255914 1.06366 175.233 123.305 0.729304 0.256859 60157 0.0147614 192850 0.0278195 3909 
0.0358782 0.0241446 0.773153 287.719 104.015 0.0137273 0.134896 7442 0.0210965 22381 0.0352531 3007 
0.0370758 0.0245099 0.931424 171.649 171.09 0.0101528 0.091017 3239 0.430997 12957 0.571429 2911 
0.0377886 0.0252734 1.06412 172.763 121.21 0.213127 0.703859 16029 0.113357 54269 0.183364 3757 
0.0390831 0.024352 1.06629 171.358 140.813 0.620467 0.0808622 51522 0.00985987 155567 0.0189565 4130 
0.0431955 0.0251403 0.895964 226.86 166.152 0.0051724 0.0312507 4968 0.19062 19079 0.346716 2895 
0.0424247 0.0245131 0.820961 265.115 147.795 0.0808315 0.034594 82462 0.00522665 250105 0.0116271 3166 
0.0371919 0.0250871 0.915498 192.665 170.085 0.262883 0.220839 97191 0.034139 307975 0.0574397 3402 
0.0372339 0.0255523 0.952287 177.913 158.973 0.201864 0.137085 44634 0.0306941 143934 0.0508427 3484 
0.0354703 0.0270363 0.826265 171.501 184.919 0.00191246 0.0823362 2721 0.601985 11738 0.688533 2428 
0.0390452 0.0226081 0.847277 242.306 147.839 0.00115526 0.071211 932 0.628755 4353 0.780152 2391 
0.0360665 0.0245386 0.881903 161.637 189.839 0.302165 0.0162913 68983 0.00616094 208988 0.0103068 3403 
0.0368423 0.0243115 1.06796 152.639 146.849 0.0961431 0.0961857 6328 0.0922882 20218 0.151598 3958 
0.0376113 0.0242598 0.81799 162.901 195.598 0.110874 0.0620834 29942 0.086367 95552 0.14704 3036 
0.0612239 0.0244691 0.947222 237.039 86.069 0.412048 0.00567138 45720 0.000393701 137732 0.00205471 3673 
0.0386317 0.0252363 1.00594 168.957 139.087 0.143708 0.410077 15828 0.144554 55167 0.23592 3477 
0.0368802 0.0248538 0.964877 137.673 155.623 1.08699 0.224569 65959 0.0286996 205995 0.0483119 3630 
0.0414538 0.023368 1.14883 210.028 53.7469 0.307005 0.594021 6377 0.0208562 18730 0.0458623 4577 
0.036087 0.0224598 0.790443 245.554 187.85 0.00266037 0.0630495 3536 0.434389 13287 0.586438 2603 
0.0380472 0.0245786 0.865064 217.629 155.152 0.181863 0.0778243 71282 0.0105076 217326 0.0190957 3321 
0.0373121 0.0250416 0.942078 238.57 101.542 0.361723 0.238898 72489 0.00390404 224344 0.00676194 3566 
0.039551 0.0260724 1.01514 167.792 140.394 0.0878203 0.159007 11437 0.0906706 39766 0.154604 3504 
0.0340663 0.0256872 1.01793 169.088 147.045 0.109558 0.0611752 14612 0.0184095 46813 0.0266165 3740 
0.0379276 0.0250774 1.02404 147.455 151.82 0.488684 0.370935 38509 0.0804487 126527 0.134936 3702 
0.0382489 0.0257145 1.0313 184.27 137.523 0.216555 0.0272214 33179 0.00412912 105868 0.00723543 3801 
0.0154033 0.0246174 0.824261 331.798 82.5701 0.102812 0.0474951 112442 9.78282e-05 340422 6.46257e-05 3181 
0.0367487 0.025073 0.943273 180.575 157.253 0.584106 0.113523 112153 0.00890747 348726 0.0149716 3557 
0.0372058 0.0250097 0.831156 210.142 170.006 0.236515 0.0582928 128151 0.00682788 396876 0.0117619 3145 
0.0356854 0.0261608 0.82335 248.895 149.808 0.00142567 0.0758752 2292 0.19459 8213 0.270547 2774 
0.0415721 0.0280012 1.05761 178.288 138.034 0.0382742 0.0681372 10113 0.0503313 37165 0.0889278 3484 
0.0409146 0.0248237 1.02365 152.376 148.981 0.264002 0.209343 21134 0.107457 71959 0.198947 3611 
0.0356843 0.0257572 0.988255 218.876 89.5425 0.0880192 0.0803811 9687 0.00567771 30971 0.00884699 3636 
0.0343973 0.0256528 0.973078 172.351 166.885 0.0239134 0.140713 6882 0.184975 23777 0.251714 3373 
0.0366346 0.0249027 0.955292 231.263 118.762 0.167948 0.357655 41918 0.0180591 130167 0.0302381 3609 
0.0433469 0.0247123 0.909367 180.368 149.066 0.0691715 0.0677934 10609 0.0943539 36254 0.194185 3204 
0.033898 0.0249899 0.977327 164.908 166.228 0.0344159 0.0979414 6214 0.13019 20360 0.182662 3537 
0.0346744 0.0251721 1.07816 152.024 126.529 0.657012 0.318613 29701 0.0248813 93421 0.0376575 4027 
0.0340804 0.0255267 1.04694 157.869 139.42 0.890853 0.278218 69904 0.0135185 221883 0.0197401 3877 
0.0408507 0.0249716 1.07086 179.096 103.819 0.707473 0.152274 33409 0.0077524 103607 0.0157132 4049 
0.0393477 0.0248952 0.950348 186.087 161.901 0.174579 0.121416 42379 0.0425447 134987 0.0784668 3522 
0.0381175 0.0249576 1.12414 141.004 132.721 0.504257 0.367779 20241 0.0750457 66001 0.127922 4090 
0.0345299 0.0248515 0.900687 227.51 145.44 0.125703 0.159085 54303 0.0128722 167318 0.0197588 3424 
0.0372315 0.025178 0.946171 227.852 93.4329 0.148339 0.249238 19420 0.011174 60784 0.0190675 3548 
0.0395183 0.0255334 0.915506 201.892 174.041 0.0121158 0.0488221 8197 0.146273 29177 0.243274 3113 
0.0387663 0.0248421 0.919323 158.035 158.836 0.373728 0.14341 41195 0.0424081 130646 0.0765274 3419 
0.0365298 0.0250683 0.933994 194.254 155.849 0.281977 0.223615 74707 0.0243217 234611 0.0400791 3495 
0.0354708 0.0243556 1.15403 149.446 128.456 0.454654 0.265912 16954 0.042114 52116 0.0675992 4406 
0.0378461 0.0281556 0.898128 230.779 107.085 0.000559731 0.107181 432 0.377315 1850 0.483784 2655 
0.0407759 0.0251608 1.08208 147.367 140.467 0.804893 0.197605 46182 0.032242 147992 0.0630304 3987 
0.042197 0.024613 0.865848 211.909 167.481 0.0217149 0.0288546 10825 0.0740878 35696 0.150045 3133 
0.0352414 0.0254624 0.975387 185.898 153.548 0.0081447 0.162112 2844 0.362166 10735 0.468561 3166 
0.0357781 0.0239343 0.798949 188.584 202.9 0.0272845 0.0874704 16847 0.206268 56645 0.306911 2849 
0.0368531 0.0251237 1.12693 160.099 117.995 0.172072 0.281065 8002 0.0737316 26056 0.118898 4100 
0.0393561 0.0249765 0.995834 192.499 141.954 0.197498 0.0491086 33898 0.00982359 105235 0.0185965 3762 
0.034275 0.0246462 0.998536 167.112 133.685 0.253805 0.272549 17853 0.0435221 55400 0.0655776 3778 
0.0363336 0.02492 0.9733 159.47 162.557 0.243733 0.274186 32663 0.0848667 105959 0.134193 3554 
0.035511 0.024529 0.979222 159.744 141.411 0.477293 0.164604 32127 0.0218819 98238 0.0353733 3751 
0.0378624 0.0260407 1.07252 160.998 151.954 0.0268034 0.221113 5404 0.340674 21617 0.467965 3341 
0.0356033 0.024877 0.959083 166.891 154.261 0.90506 0.351351 109693 0.0218428 340567 0.0349212 3624 
0.0413431 0.0259161 1.08357 159.464 107.409 0.981313 0.0696945 38333 0.00373047 123503 0.00744111 3961 
0.0340805 0.0249561 0.96986 148.003 166.776 1.35349 0.176507 141462 0.0107661 437250 0.0161441 3676 
0.0363409 0.0256957 0.992935 173.906 141.621 0.292144 0.132165 38370 0.0162888 123167 0.0260378 3643 
0.0387631 0.0245852 1.02319 211.695 137.573 0.0617323 0.3511 15335 0.122269 51422 0.208646 3652 
0.0399205 0.0250761 0.83158 198.621 168.516 0.0694398 0.0204658 28010 0.0152803 87830 0.0293749 3116 
0.0374808 0.0243702 0.939009 207.609 128.074 0.294968 0.192108 43848 0.0142082 132787 0.0253413 3628 
0.0392543 0.0238865 1.05937 196.356 86.0135 0.301041 0.0804801 10768 0.00557207 31722 0.0110649 4195 
0.0371647 0.0372445 0.902602 199.106 155.177 1.06664e-05 0.386045 3474 0.955671 18502 0.955518 2307 
0.0361809 0.0253129 0.942307 209.014 144.366 0.0612116 0.152877 19332 0.0405545 61936 0.0644859 3468 
0.0400004 0.0247545 0.96683 163.244 132.538 0.744287 0.0801381 45898 0.00875855 141030 0.0172446 3686 
0.0386624 0.0265892 0.977117 165.514 153.395 0.0436121 0.216431 10005 0.210595 38133 0.314741 3148 
0.0335786 0.0256712 1.02645 189.422 104.683 0.664425 0.174788 49371 0.00354459 156974 0.00505179 3794 
0.032756 0.0240595 0.951037 166.099 158.033 0.109911 0.140223 11890 0.0637511 36178 0.0914921 3664 
0.03577 0.0266649 0.836938 207.426 178.719 0.000489581 0.056812 1493 0.635633 6552 0.724359 2432 
0.0384828 0.0249952 0.894468 223.324 128.404 0.00234064 0.14078 1128 0.453901 4790 0.603967 2680 
0.0401294 0.0249854 0.98174 196.117 128.785 0.0728861 0.0806828 10136 0.0348264 32262 0.0665799 3639 
0.0340939 0.0260106 0.88456 165.116 166.11 0.0882224 0.0708828 19308 0.0310234 63087 0.0440344 3197 
0.0366374 0.0248386 1.01888 142.5 159.631 0.0413154 0.17637 4690 0.355864 17917 0.4844 3289 
0.0408477 0.0243824 0.968892 157.17 164.38 0.186857 0.0426162 20330 0.042302 63733 0.0848069 3646 
0.0358241 0.0246266 0.961424 185.311 143.811 0.190949 0.15656 26432 0.0285639 81558 0.0464087 3655 
