r_hat,r1_hat,r2_hat,u_hat,t1_hat,t2_hat,tau1_hat,tau2_hat,m1,m2,m1_obs,m2_obs,gamma,alpha1,alpha2,beta1,beta2,M1,M2,cells[0],cells[1],cells[2],WBC1[0],WBC1[1],WBC1[2]
0.020273,0.028634,0.045538,0.773668,152.495629,223.623547,256.365353,124.509026,142.000000,180.000000,145.000000,190.000000,2650.000000,0.617294,0.116093,0.613830,0.161877,2498.000000,4454.000000,999.000000,2734.000000,721.000000,666.000000,1542.000000,290.000000
0.029149,0.037245,0.052840,0.936099,139.799774,254.550311,200.509327,107.498164,151.000000,180.000000,156.000000,256.000000,2369.000000,0.711499,0.119057,0.698750,0.159720,2461.000000,5278.000000,747.000000,3688.000000,843.000000,417.000000,1751.000000,293.000000
0.022796,0.030003,0.027428,0.719623,250.151682,345.685970,239.109325,118.785956,147.000000,169.000000,204.000000,275.000000,2650.000000,0.442673,0.008820,0.478086,0.009047,2948.000000,4974.000000,2551.000000,2378.000000,45.000000,1617.000000,1305.000000,26.000000
0.025295,0.032200,0.043197,1.074558,115.981618,146.222009,231.185664,186.920795,127.000000,178.000000,158.000000,182.000000,3185.000000,0.182070,0.341887,0.178031,0.416535,9392.000000,18289.000000,7415.000000,3256.000000,7618.000000,4471.000000,1710.000000,3211.000000
0.023208,0.026848,0.049041,0.885360,178.484137,263.109542,198.085516,81.339011,139.000000,190.000000,191.000000,251.000000,3577.000000,0.034611,0.009162,0.036900,0.015225,5894.000000,9458.000000,8965.000000,349.000000,144.000000,5636.000000,204.000000,54.000000
0.024058,0.031780,0.045082,0.868240,147.055755,194.347864,208.725637,170.565997,151.000000,170.000000,155.000000,188.000000,2844.000000,0.083553,0.240215,0.085569,0.320990,9096.000000,16770.000000,9952.000000,1435.000000,5383.000000,6151.000000,760.000000,2185.000000
0.025085,0.033436,0.051413,0.854525,177.224498,205.235714,253.161093,142.452041,161.000000,181.000000,177.000000,192.000000,2602.000000,0.397353,0.126979,0.404730,0.185295,11939.000000,22877.000000,9379.000000,9259.000000,4239.000000,5679.000000,4744.000000,1516.000000
0.025957,0.036047,0.048053,0.958719,136.018279,174.241502,198.045453,162.144585,147.000000,181.000000,157.000000,187.000000,2914.000000,0.113197,0.217411,0.120849,0.295103,11131.000000,21440.000000,12522.000000,2591.000000,6327.000000,7451.000000,1260.000000,2420.000000
0.022391,0.043707,0.049889,0.834755,155.615664,209.962961,151.495956,131.370467,148.000000,180.000000,149.000000,192.000000,3135.000000,0.076539,0.071545,0.107239,0.113435,9812.000000,16785.000000,13081.000000,1800.000000,1904.000000,8359.000000,751.000000,702.000000
0.028108,0.035160,0.044858,1.110662,156.132845,170.385226,194.738881,173.171526,157.000000,180.000000,205.000000,214.000000,3295.000000,0.087202,0.219071,0.091249,0.278308,10791.000000,20833.000000,13134.000000,1901.000000,5798.000000,7486.000000,941.000000,2364.000000
0.023633,0.038259,0.034316,0.787101,196.197427,284.669067,177.710673,165.624481,145.000000,192.000000,175.000000,247.000000,2979.000000,0.095213,0.031207,0.122685,0.037162,9421.000000,15715.000000,13203.000000,1928.000000,584.000000,8230.000000,897.000000,294.000000
0.026180,0.031969,0.021283,0.944560,174.105962,195.456026,229.341570,215.424672,151.000000,186.000000,194.000000,229.000000,3331.000000,0.150958,0.009682,0.166552,0.008627,10122.000000,17388.000000,14342.000000,2896.000000,150.000000,8496.000000,1528.000000,98.000000
0.022868,0.034185,0.041685,0.865114,156.850374,186.387479,240.536507,161.098449,144.000000,178.000000,161.000000,182.000000,3097.000000,0.270202,0.059843,0.309162,0.079553,13786.000000,23871.000000,14592.000000,7380.000000,1899.000000,9236.000000,3725.000000,825.000000
0.024798,0.027549,0.047164,0.985410,109.832648,176.684451,235.884001,130.364443,140.000000,176.000000,144.000000,195.000000,3655.000000,0.051810,0.036517,0.053482,0.055803,12816.000000,21540.000000,19186.000000,1152.000000,1202.000000,11684.000000,664.000000,468.000000
0.024847,0.037526,0.045082,0.908157,166.049469,192.538581,186.230905,188.755033,155.000000,183.000000,175.000000,195.000000,2842.000000,0.059560,0.272582,0.066557,0.354292,18200.000000,34497.000000,19979.000000,2296.000000,12222.000000,12155.000000,1084.000000,4961.000000
0.027721,0.035950,0.047497,0.969331,128.993026,157.419692,228.846675,159.070539,147.000000,163.000000,152.000000,173.000000,2774.000000,0.320044,0.163487,0.331964,0.213628,11689.000000,23129.000000,10510.000000,7678.000000,4941.000000,6037.000000,3741.000000,1911.000000
0.026873,0.035431,0.043675,1.060660,144.310135,170.379788,226.997160,173.545516,166.000000,196.000000,183.000000,205.000000,3395.000000,0.161938,0.101921,0.179441,0.133182,19211.000000,35215.000000,24206.000000,6319.000000,4690.000000,14142.000000,3111.000000,1958.000000
0.024972,0.035780,0.045815,0.972842,135.489677,187.867658,224.739727,169.537107,154.000000,186.000000,159.000000,204.000000,3285.000000,0.135639,0.103149,0.155023,0.144091,22899.000000,40981.000000,28723.000000,6353.000000,5905.000000,17431.000000,3106.000000,2362.000000
0.026668,0.032268,0.050556,0.960674,147.009975,218.594293,218.023192,139.261697,158.000000,212.000000,171.000000,229.000000,3243.000000,0.056831,0.057131,0.061021,0.088432,19989.000000,35496.000000,30191.000000,2166.000000,3139.000000,17711.000000,1136.000000,1142.000000
0.025960,0.030399,0.052383,0.997893,129.446775,195.361783,180.965604,105.783327,145.000000,158.000000,162.000000,214.000000,3603.000000,0.012847,0.013371,0.013894,0.022446,19071.000000,32389.000000,31212.000000,450.000000,727.000000,18571.000000,245.000000,255.000000
0.023677,0.034363,0.047014,0.875541,162.780387,216.297312,260.937856,130.086178,156.000000,166.000000,168.000000,208.000000,3084.000000,0.307165,0.017755,0.350962,0.026127,25514.000000,44398.000000,27656.000000,15582.000000,1160.000000,17224.000000,7837.000000,453.000000
0.025010,0.037351,0.046358,0.972006,160.468645,156.411051,205.658714,162.489455,159.000000,172.000000,182.000000,173.000000,3124.000000,0.167763,0.144548,0.191049,0.197103,12923.000000,23952.000000,14655.000000,4576.000000,4721.000000,8887.000000,2168.000000,1868.000000
0.024132,0.036462,0.044645,0.880990,124.675718,190.997458,190.368182,182.702465,133.000000,165.000000,134.000000,188.000000,3122.000000,0.038852,0.131021,0.046149,0.183305,26614.000000,46458.000000,35798.000000,2144.000000,8516.000000,22093.000000,1034.000000,3487.000000
0.025415,0.039455,0.048489,0.993614,119.580035,204.816151,174.901739,130.392828,141.000000,177.000000,144.000000,224.000000,2910.000000,0.287410,0.161216,0.320434,0.215333,3455.000000,6822.000000,3167.000000,2186.000000,1469.000000,1905.000000,993.000000,557.000000
0.024684,0.036475,0.042746,0.828361,215.231904,221.668088,200.480447,190.868259,164.000000,193.000000,201.000000,203.000000,2884.000000,0.056081,0.130719,0.066241,0.175029,26729.000000,46935.000000,35611.000000,3109.000000,8215.000000,21736.000000,1499.000000,3494.000000
0.024938,0.039461,0.046483,0.983604,131.225342,171.653897,184.435936,145.785262,143.000000,181.000000,154.000000,190.000000,3573.000000,0.051991,0.031489,0.067196,0.046835,27851.000000,47443.000000,42033.000000,3188.000000,2222.000000,25526.000000,1448.000000,877.000000
0.024441,0.035712,0.046305,0.860095,152.211130,195.821849,242.838593,160.448499,149.000000,167.000000,155.000000,187.000000,2920.000000,0.228273,0.065874,0.261454,0.093253,25579.000000,45618.000000,29437.000000,11927.000000,4254.000000,18055.000000,5839.000000,1685.000000
0.025422,0.032055,0.045954,1.111135,185.699391,168.134946,188.727194,176.287224,156.000000,197.000000,241.000000,211.000000,3868.000000,0.013171,0.102445,0.014270,0.146565,32193.000000,56412.000000,47339.000000,805.000000,8268.000000,28471.000000,424.000000,3298.000000
0.023687,0.033968,0.052056,1.011618,128.723190,260.539789,195.550469,98.995741,145.000000,188.000000,160.000000,283.000000,3999.000000,0.024623,0.005554,0.029949,0.009699,31150.000000,50520.000000,48517.000000,1513.000000,490.000000,30210.000000,767.000000,173.000000
0.025651,0.034299,0.044798,0.985009,97.746929,136.051945,225.808845,181.774669,124.000000,154.000000,125.000000,156.000000,3411.000000,0.055262,0.082295,0.062637,0.115074,41801.000000,73231.000000,60217.000000,4587.000000,8427.000000,36051.000000,2310.000000,3440.000000
0.025379,0.036650,0.041131,0.933799,163.334268,213.425825,218.787075,138.099981,157.000000,174.000000,178.000000,222.000000,3382.000000,0.076121,0.007344,0.093320,0.009847,39897.000000,67735.000000,60747.000000,6321.000000,667.000000,36567.000000,3037.000000,293.000000
0.025341,0.029087,0.043467,0.833303,158.827271,153.400352,212.181697,180.929512,139.000000,130.000000,161.000000,147.000000,3000.000000,0.012034,0.065394,0.012598,0.091274,39805.000000,68026.000000,60960.000000,857.000000,6209.000000,36723.000000,479.000000,2603.000000
0.024558,0.034042,0.041264,1.036309,107.649075,163.933891,198.421492,164.822216,134.000000,168.000000,142.000000,195.000000,3952.000000,0.015390,0.016126,0.018428,0.022309,55749.000000,91982.000000,88235.000000,1695.000000,2052.000000,53992.000000,858.000000,899.000000
0.023389,0.036100,0.043541,1.063753,127.410720,225.211355,194.660308,128.576933,157.000000,181.000000,165.000000,264.000000,4276.000000,0.016827,0.004031,0.021550,0.005991,66977.000000,107659.000000,104694.000000,2320.000000,645.000000,65580.000000,1127.000000,270.000000
0.025580,0.039466,0.049036,1.125079,107.985935,153.816546,188.007402,141.848090,139.000000,158.000000,150.000000,196.000000,4079.000000,0.025622,0.016104,0.033232,0.025292,65139.000000,110587.000000,104115.000000,3675.000000,2797.000000,62421.000000,1669.000000,1049.000000
0.023684,0.030617,0.040440,0.824746,162.549970,197.158371,243.691300,180.990837,159.000000,173.000000,161.000000,183.000000,2479.000000,0.392285,0.340402,0.377456,0.398635,4433.000000,8499.000000,1903.000000,3208.000000,3388.000000,1185.000000,1739.000000,1509.000000
0.023680,0.037293,0.020808,0.862794,185.286941,249.811087,177.118902,165.031907,133.000000,176.000000,183.000000,257.000000,3162.000000,0.193506,0.008117,0.239655,0.007230,3819.000000,6501.000000,4896.000000,1558.000000,47.000000,3049.000000,739.000000,31.000000
0.027406,0.039227,0.043873,1.021883,123.252215,184.666898,206.511520,146.919214,150.000000,172.000000,152.000000,212.000000,2745.000000,0.556268,0.106293,0.592213,0.124180,5927.000000,12200.000000,3460.000000,7225.000000,1515.000000,2000.000000,3297.000000,630.000000
0.023789,0.043195,0.050456,0.929043,157.680588,188.997826,156.694784,145.034154,153.000000,177.000000,168.000000,194.000000,2955.000000,0.108371,0.187718,0.134973,0.270337,8028.000000,15292.000000,9094.000000,2064.000000,4134.000000,5651.000000,870.000000,1507.000000
0.028803,0.035934,0.043630,0.910617,190.704691,229.656039,248.870031,179.862057,180.000000,207.000000,199.000000,230.000000,2384.000000,0.632092,0.211330,0.623150,0.243006,12109.000000,25201.000000,3373.000000,15704.000000,6124.000000,1896.000000,7654.000000,2559.000000
0.026735,0.021573,0.046426,1.133712,121.237962,133.702864,295.106077,150.286777,132.000000,172.000000,190.000000,176.000000,3798.000000,0.063767,0.117454,0.054751,0.165781,9127.000000,16365.000000,12756.000000,896.000000,2713.000000,7473.000000,582.000000,1072.000000
0.022900,0.034945,0.039699,0.970179,160.008185,192.296035,243.429316,155.303981,175.000000,190.000000,183.000000,211.000000,3303.000000,0.407731,0.039232,0.460439,0.048723,12133.000000,21612.000000,10608.000000,9951.000000,1053.000000,6710.000000,4947.000000,476.000000
0.026381,0.033457,0.043479,1.036520,118.685095,172.848045,207.435821,135.055962,136.000000,176.000000,154.000000,203.000000,3553.000000,0.114587,0.039379,0.127731,0.053638,9015.000000,15791.000000,12927.000000,2017.000000,847.000000,7627.000000,1033.000000,355.000000
0.026780,0.036124,0.044895,1.005275,144.409668,199.555779,199.409185,182.666860,151.000000,199.000000,173.000000,223.000000,2985.000000,0.098346,0.266647,0.104303,0.337026,13666.000000,26538.000000,14826.000000,2768.000000,8944.000000,8678.000000,1344.000000,3644.000000
0.025236,0.035106,0.044201,0.885831,164.553838,169.286118,204.935890,131.875019,165.000000,165.000000,171.000000,170.000000,3135.000000,0.124150,0.031690,0.145187,0.044453,10729.000000,18514.000000,15003.000000,2688.000000,823.000000,9057.000000,1332.000000,340.000000
0.023565,0.033766,0.046703,0.907901,141.107894,166.934886,222.165522,145.459624,137.000000,167.000000,155.000000,171.000000,3274.000000,0.149930,0.073847,0.170656,0.108878,12079.000000,20849.000000,15021.000000,3558.000000,2270.000000,9376.000000,1811.000000,892.000000
0.026473,0.030039,0.044987,1.031978,239.971364,167.697726,130.892034,170.369898,147.000000,177.000000,282.000000,196.000000,3292.000000,0.004842,0.202317,0.004766,0.268539,10533.000000,19513.000000,14180.000000,93.000000,5240.000000,8351.000000,51.000000,2131.000000
0.024190,0.035438,0.050435,0.881828,147.552746,212.643873,242.529191,120.596287,142.000000,184.000000,155.000000,205.000000,2958.000000,0.344162,0.027900,0.389648,0.042636,15699.000000,28169.000000,15992.000000,10976.000000,1201.000000,9858.000000,5403.000000,438.000000
0.025224,0.034724,0.040725,1.002891,146.694494,217.744820,233.763681,140.859808,147.000000,191.000000,176.000000,243.000000,3477.000000,0.221021,0.020440,0.253656,0.026450,15166.000000,26465.000000,19052.000000,6713.000000,700.000000,11504.000000,3352.000000,310.000000
0.026304,0.039764,0.040231,1.049026,222.700367,174.375750,141.616420,164.848971,167.000000,190.000000,260.000000,209.000000,3651.000000,0.022096,0.060109,0.028184,0.077393,12627.000000,21927.000000,19612.000000,618.000000,1697.000000,11589.000000,279.000000,759.000000
0.024213,0.033613,0.031151,0.919610,142.061359,186.469381,237.451759,187.772802,149.000000,168.000000,158.000000,201.000000,3356.000000,0.198413,0.023530,0.229240,0.025880,14747.000000,25000.000000,18622.000000,5731.000000,647.000000,11474.000000,2926.000000,347.000000
0.024281,0.038305,0.045488,1.094399,116.437413,144.317289,201.392144,139.998406,139.000000,165.000000,156.000000,182.000000,3932.000000,0.129181,0.033622,0.161386,0.048493,17340.000000,29860.000000,23593.000000,4819.000000,1448.000000,14517.000000,2240.000000,583.000000
0.024649,0.034333,0.039864,0.931825,130.775176,173.450121,203.545419,145.318070,120.000000,157.000000,149.000000,185.000000,3497.000000,0.053541,0.016201,0.063885,0.021591,20246.000000,33717.000000,30835.000000,2154.000000,728.000000,18834.000000,1084.000000,328.000000
0.026136,0.032844,0.038654,1.002298,144.152014,145.735185,237.514156,188.390213,158.000000,170.000000,175.000000,172.000000,3478.000000,0.097079,0.057779,0.107745,0.072028,25165.000000,43733.000000,35871.000000,4712.000000,3150.000000,21268.000000,2443.000000,1454.000000
0.025716,0.036548,0.044175,0.927472,127.899286,169.282433,191.688743,186.037488,132.000000,175.000000,144.000000,178.000000,3115.000000,0.040520,0.136218,0.047002,0.184047,27221.000000,48743.000000,37481.000000,2291.000000,8971.000000,22410.000000,1103.000000,3708.000000
0.025652,0.042516,0.047362,0.991387,171.156206,186.675906,169.040112,139.971236,144.000000,190.000000,193.000000,206.000000,3496.000000,0.051576,0.029533,0.069704,0.043976,25632.000000,44388.000000,39342.000000,3094.000000,1952.000000,23553.000000,1322.000000,757.000000
0.024030,0.024631,0.040451,0.992667,154.833461,179.778194,243.149427,148.545959,135.000000,191.000000,194.000000,203.000000,3889.000000,0.015106,0.015409,0.015195,0.021268,26413.000000,42975.000000,41408.000000,653.000000,914.000000,25607.000000,399.000000,407.000000
0.025236,0.031535,0.043771,1.023783,127.502362,152.972153,243.649310,166.195757,156.000000,178.000000,163.000000,180.000000,3686.000000,0.070844,0.047066,0.077966,0.066160,30659.000000,52343.000000,44799.000000,4081.000000,3463.000000,27044.000000,2172.000000,1443.000000
0.025005,0.035103,0.045077,1.068868,154.883677,171.478402,180.218840,185.249759,158.000000,188.000000,196.000000,207.000000,3767.000000,0.014185,0.107392,0.016436,0.151899,39407.000000,68631.000000,57078.000000,1128.000000,10425.000000,34616.000000,559.000000,4232.000000
0.025119,0.037608,0.043076,1.007757,151.032097,171.276466,196.912422,186.567540,154.000000,179.000000,179.000000,196.000000,3549.000000,0.046726,0.087828,0.057063,0.119651,35205.000000,61161.000000,50353.000000,3490.000000,7318.000000,30468.000000,1645.000000,3092.000000
0.023296,0.032436,0.050106,0.841271,168.867917,186.872089,231.001102,138.081936,151.000000,171.000000,168.000000,174.000000,3320.000000,0.038655,0.021772,0.045356,0.036375,46436.000000,75712.000000,69524.000000,3434.000000,2754.000000,43630.000000,1795.000000,1011.000000
0.024594,0.032554,0.044572,0.855186,165.730306,204.415803,244.127668,195.050201,162.000000,188.000000,168.000000,194.000000,3016.000000,0.054654,0.115298,0.060114,0.161276,51744.000000,90212.000000,70240.000000,5423.000000,14549.000000,42950.000000,2828.000000,5966.000000
0.024669,0.027247,0.045855,1.093597,134.293500,169.304381,227.346314,159.487446,160.000000,198.000000,187.000000,209.000000,4120.000000,0.009765,0.029892,0.010116,0.044932,50181.000000,83527.000000,78929.000000,845.000000,3753.000000,48191.000000,490.000000,1500.000000
0.026114,0.032727,0.039581,1.078444,102.042587,157.405872,212.358529,208.554395,124.000000,192.000000,143.000000,197.000000,3786.000000,0.019137,0.070566,0.021320,0.090167,54502.000000,94136.000000,83641.000000,2007.000000,8488.000000,49613.000000,1043.000000,3846.000000
0.025153,0.038693,0.025783,0.807053,161.256253,237.529443,188.675646,249.248949,143.000000,176.000000,151.000000,223.000000,3012.000000,0.025470,0.010628,0.033125,0.010677,58147.000000,96937.000000,92691.000000,3211.000000,1035.000000,56048.000000,1481.000000,618.000000
0.022728,0.040453,0.045949,0.874493,159.386504,204.653521,195.065314,192.175458,149.000000,185.000000,161.000000,198.000000,3050.000000,0.070143,0.179437,0.088023,0.251342,38108.000000,68198.000000,45054.000000,6003.000000,17141.000000,28597.000000,2673.000000,6838.000000
0.025144,0.036609,0.041175,0.955027,139.171908,172.566759,187.056913,139.785776,145.000000,170.000000,159.000000,188.000000,3589.000000,0.009343,0.003134,0.011709,0.004303,100824.000000,167310.000000,164631.000000,1959.000000,720.000000,99566.000000,942.000000,316.000000
0.024363,0.032435,0.043971,0.926183,175.391668,180.241500,207.999377,184.693391,154.000000,169.000000,191.000000,188.000000,3541.000000,0.006818,0.026960,0.007901,0.039349,124813.000000,206051.000000,196315.000000,1628.000000,8108.000000,120597.000000,851.000000,3365.000000
0.057257,0.033603,0.041900,0.908193,168.436139,154.509647,185.122433,190.900621,129.000000,156.000000,180.000000,162.000000,2111.000000,0.142533,0.843582,0.122803,0.857998,3529.000000,8021.000000,154.000000,985.000000,6882.000000,49.000000,503.000000,2977.000000
0.023902,0.037787,0.039842,1.005745,137.593374,164.809796,221.049607,162.912181,145.000000,184.000000,165.000000,191.000000,2578.000000,0.814047,0.126463,0.821539,0.132982,5211.000000,10994.000000,500.000000,9032.000000,1462.000000,310.000000,4242.000000,659.000000
0.024257,0.031690,0.047443,0.927288,135.598687,192.448087,261.244852,154.453011,149.000000,167.000000,155.000000,198.000000,2771.000000,0.493363,0.190584,0.480430,0.254318,7986.000000,15457.000000,4100.000000,7426.000000,3931.000000,2524.000000,3940.000000,1522.000000
0.026136,0.030893,0.043429,1.069570,140.597191,163.965126,209.904897,174.925895,157.000000,181.000000,185.000000,200.000000,3236.000000,0.101393,0.308359,0.098031,0.383089,6460.000000,12394.000000,6431.000000,1215.000000,4748.000000,3813.000000,655.000000,1992.000000
0.026157,0.029812,0.050158,0.891538,191.909455,197.664340,232.832090,136.036254,142.000000,170.000000,201.000000,194.000000,2304.000000,0.451134,0.400960,0.378809,0.505752,2292.000000,4955.000000,572.000000,1877.000000,2506.000000,339.000000,1034.000000,919.000000
0.026810,0.028989,0.045332,0.967247,162.971297,180.577563,232.645468,179.615456,148.000000,191.000000,191.000000,196.000000,2714.000000,0.099730,0.403735,0.087874,0.493276,8513.000000,17252.000000,7226.000000,1516.000000,8510.000000,4227.000000,849.000000,3437.000000
0.027827,0.039228,0.050047,1.045808,165.747828,160.740151,160.289380,157.476900,149.000000,177.000000,200.000000,189.000000,2841.000000,0.064702,0.318340,0.068028,0.415556,8315.000000,17331.000000,8950.000000,1179.000000,7202.000000,5130.000000,538.000000,2647.000000
0.023422,0.034332,0.047002,0.883805,154.171023,167.680175,220.311300,143.053444,134.000000,159.000000,162.000000,167.000000,3112.000000,0.195100,0.084236,0.220946,0.122908,9877.000000,17330.000000,11371.000000,3829.000000,2130.000000,7118.000000,1927.000000,832.000000
0.025848,0.035962,0.049945,0.991736,146.634514,194.752774,236.693319,135.381152,167.000000,193.000000,173.000000,213.000000,3063.000000,0.373873,0.064943,0.407186,0.093552,13304.000000,25077.000000,12520.000000,10211.000000,2346.000000,7466.000000,4974.000000,864.000000
0.023203,0.032341,0.055387,0.941359,191.099050,252.830219,169.847409,84.700881,153.000000,180.000000,209.000000,255.000000,3791.000000,0.019848,0.008903,0.023545,0.016745,12243.000000,19707.000000,18913.000000,464.000000,330.000000,11891.000000,243.000000,109.000000
0.026094,0.041816,0.047490,1.030260,138.180655,167.245165,147.840728,148.398526,147.000000,169.000000,167.000000,194.000000,3449.000000,0.039737,0.094417,0.051093,0.135989,12180.000000,21862.000000,17772.000000,1117.000000,2973.000000,10546.000000,484.000000,1150.000000
0.025385,0.033636,0.038369,0.888054,147.061333,184.509877,231.081029,176.584966,138.000000,172.000000,157.000000,187.000000,3116.000000,0.144132,0.053162,0.163201,0.066171,16478.000000,28517.000000,21976.000000,4654.000000,1887.000000,13227.000000,2375.000000,876.000000
0.026333,0.038824,0.050025,1.164887,97.859697,135.389746,180.890956,168.237610,141.000000,174.000000,144.000000,181.000000,3452.000000,0.059725,0.240551,0.065942,0.332279,18786.000000,36987.000000,22258.000000,2439.000000,12290.000000,13145.000000,1122.000000,4519.000000
0.025830,0.036353,0.043259,0.961181,161.842347,175.597293,221.920384,202.559085,162.000000,188.000000,182.000000,191.000000,2895.000000,0.138490,0.277500,0.148872,0.342486,23027.000000,44320.000000,22543.000000,6598.000000,15179.000000,13448.000000,3189.000000,6390.000000
0.024629,0.034194,0.042001,0.856827,148.153763,187.435413,236.006440,169.202607,140.000000,165.000000,152.000000,181.000000,3026.000000,0.158968,0.060663,0.181805,0.081102,20111.000000,34845.000000,25684.000000,6335.000000,2826.000000,15694.000000,3197.000000,1220.000000
0.022936,0.006503,0.046505,0.901491,177.889351,195.914339,551.085389,158.018061,141.000000,174.000000,299.000000,196.000000,3527.000000,0.001743,0.075221,0.001201,0.115351,20659.000000,34148.000000,30168.000000,41.000000,3939.000000,19069.000000,36.000000,1554.000000
0.026614,0.036335,0.046683,1.113757,119.727721,126.726312,160.177874,176.561209,133.000000,155.000000,164.000000,165.000000,3463.000000,0.018906,0.213128,0.020700,0.287013,17825.000000,33671.000000,23310.000000,697.000000,9664.000000,13689.000000,337.000000,3799.000000
0.025425,0.030788,0.041562,0.931277,212.345036,196.067553,125.053409,186.760652,140.000000,182.000000,228.000000,205.000000,3280.000000,0.002216,0.110797,0.002366,0.146770,21210.000000,36765.000000,31282.000000,87.000000,5396.000000,18813.000000,47.000000,2350.000000
0.025388,0.029105,0.045463,1.108363,122.630227,146.721251,229.841892,147.765402,157.000000,186.000000,174.000000,187.000000,3868.000000,0.086741,0.089222,0.088920,0.126862,9269.000000,16183.000000,12691.000000,1439.000000,2053.000000,7638.000000,804.000000,827.000000
0.022752,0.035057,0.043778,1.027456,136.932086,160.133814,200.328107,170.230628,143.000000,173.000000,170.000000,188.000000,3507.000000,0.132734,0.203951,0.148445,0.271558,8453.000000,15238.000000,8838.000000,2262.000000,4138.000000,5607.000000,1122.000000,1724.000000
0.024933,0.038646,0.044650,0.926179,156.594233,180.587836,182.225277,184.885493,153.000000,178.000000,169.000000,188.000000,3148.000000,0.043877,0.147547,0.053192,0.201691,26073.000000,46586.000000,34712.000000,2478.000000,9396.000000,21082.000000,1144.000000,3847.000000
0.024105,0.041236,0.039099,1.044138,140.478579,170.758127,165.704783,180.046430,143.000000,181.000000,172.000000,205.000000,3933.000000,0.037352,0.045925,0.051017,0.060102,24845.000000,41496.000000,36885.000000,2117.000000,2494.000000,22776.000000,928.000000,1141.000000
0.023977,0.037546,0.042102,0.816504,217.088006,227.318706,165.305598,173.269583,158.000000,191.000000,199.000000,205.000000,3095.000000,0.019314,0.057358,0.024572,0.079934,25681.000000,42773.000000,38303.000000,1051.000000,3419.000000,23712.000000,496.000000,1473.000000
0.024885,0.035890,0.045158,1.036635,103.330565,140.883089,247.913933,161.529865,135.000000,157.000000,136.000000,169.000000,3461.000000,0.264578,0.053248,0.302004,0.073159,27644.000000,49645.000000,31020.000000,14993.000000,3632.000000,18858.000000,7314.000000,1472.000000
0.024780,0.033758,0.042720,1.086623,129.586148,128.438207,212.806163,185.541039,141.000000,150.000000,173.000000,165.000000,3772.000000,0.064009,0.134476,0.071545,0.179816,20591.000000,36187.000000,27091.000000,2589.000000,6507.000000,16504.000000,1318.000000,2769.000000
0.025233,0.034657,0.044151,0.949802,282.789840,195.290427,66.438562,217.613953,171.000000,206.000000,296.000000,207.000000,2755.000000,0.000297,0.441363,0.000298,0.535595,33716.000000,67187.000000,31182.000000,20.000000,35985.000000,18825.000000,10.000000,14881.000000
0.023577,0.034190,0.045544,0.871129,207.226588,217.961613,210.686553,190.864431,151.000000,206.000000,206.000000,209.000000,2911.000000,0.052607,0.233247,0.057003,0.317165,25548.000000,46717.000000,29237.000000,2663.000000,14817.000000,18245.000000,1344.000000,5959.000000
0.024843,0.034130,0.047619,1.020359,128.488169,139.727682,219.810100,170.091461,142.000000,162.000000,161.000000,164.000000,3577.000000,0.052233,0.094924,0.059032,0.140501,34691.000000,60747.000000,48626.000000,3586.000000,8535.000000,29586.000000,1812.000000,3293.000000
0.020042,0.033023,0.045295,0.903703,134.595482,180.422465,255.613015,205.909925,147.000000,181.000000,149.000000,183.000000,2268.000000,0.252961,0.613188,0.221903,0.687529,18319.000000,40423.000000,3661.000000,8970.000000,27792.000000,2452.000000,4634.000000,11233.000000
0.024105,0.026950,0.041022,0.901519,125.952204,204.125880,242.334695,138.301118,129.000000,151.000000,147.000000,206.000000,3337.000000,0.177124,0.075136,0.180175,0.101272,3873.000000,6527.000000,4690.000000,1176.000000,661.000000,2896.000000,686.000000,291.000000
0.025551,0.034953,0.042104,1.096822,113.619061,163.152865,244.963322,180.251793,151.000000,200.000000,156.000000,205.000000,3804.000000,0.132388,0.050044,0.152601,0.066555,39505.000000,68951.000000,53840.000000,10522.000000,4589.000000,32298.000000,5230.000000,1977.000000
0.024908,0.040034,0.048071,1.044621,177.965349,260.639044,171.189088,53.358010,150.000000,178.000000,212.000000,294.000000,3916.000000,0.033214,0.000456,0.044414,0.000716,28512.000000,47485.000000,45342.000000,2109.000000,34.000000,27552.000000,947.000000,13.000000
0.024207,0.035720,0.044676,0.944946,139.209715,163.870681,244.116844,188.567308,151.000000,168.000000,158.000000,176.000000,3303.000000,0.128648,0.095745,0.149719,0.133285,47595.000000,83550.000000,59905.000000,12509.000000,11136.000000,36915.000000,6123.000000,4557.000000
0.024613,0.036033,0.043798,0.940959,178.420047,170.587667,234.325144,184.474775,173.000000,177.000000,194.000000,182.000000,2723.000000,0.357726,0.248652,0.372087,0.302089,12982.000000,25658.000000,8360.000000,9547.000000,7751.000000,5110.000000,4644.000000,3228.000000
0.024872,0.032518,0.042175,0.904732,204.676949,196.244085,226.647833,164.255661,166.000000,174.000000,213.000000,199.000000,3379.000000,0.034847,0.022383,0.040005,0.031171,45570.000000,76065.000000,70651.000000,3043.000000,2371.000000,42962.000000,1588.000000,1020.000000
0.026157,0.038816,0.035159,0.868633,198.728285,237.493219,164.279896,196.212682,167.000000,193.000000,195.000000,231.000000,2890.000000,0.094885,0.159916,0.115426,0.180816,6197.000000,11072.000000,7792.000000,1278.000000,2002.000000,4618.000000,588.000000,991.000000
0.025378,0.033224,0.020098,1.132059,118.302933,150.762096,219.472802,226.589129,148.000000,177.000000,168.000000,227.000000,4200.000000,0.034373,0.002224,0.039988,0.001990,42708.000000,71346.000000,68351.000000,2853.000000,142.000000,41145.000000,1468.000000,95.000000
0.024415,0.035617,0.059785,0.800570,169.282745,226.849876,235.627698,74.310255,141.000000,167.000000,158.000000,195.000000,3017.000000,0.077111,0.001485,0.094500,0.002951,57229.000000,95206.000000,85928.000000,8997.000000,281.000000,52731.000000,4413.000000,85.000000
0.027181,0.034825,0.047545,0.954603,140.989390,179.050562,241.254256,150.348292,156.000000,174.000000,162.000000,191.000000,2676.000000,0.523072,0.149348,0.524740,0.193227,8517.000000,17037.000000,4805.000000,8940.000000,3292.000000,2790.000000,4455.000000,1272.000000
0.024406,0.039300,0.043521,0.997242,164.077371,190.611701,132.833932,181.798730,150.000000,193.000000,189.000000,213.000000,2899.000000,0.030942,0.456598,0.034069,0.547034,5979.000000,11917.000000,4992.000000,406.000000,6519.000000,3064.000000,185.000000,2730.000000
0.024443,0.036748,0.069315,0.980356,141.093598,302.804856,180.971824,33.219281,135.000000,164.000000,165.000000,311.000000,3786.000000,0.014271,0.000185,0.018176,0.000451,54166.000000,88690.000000,87038.000000,1612.000000,40.000000,53383.000000,773.000000,10.000000
0.021875,0.041455,0.050313,0.994762,133.704030,187.209311,163.522873,134.158237,140.000000,168.000000,157.000000,206.000000,2528.000000,0.357317,0.347154,0.367787,0.426589,2460.000000,5476.000000,1126.000000,2014.000000,2336.000000,727.000000,879.000000,854.000000
0.024243,0.035272,0.045026,0.982818,155.813174,161.954980,193.785842,174.372177,137.000000,165.000000,181.000000,181.000000,3625.000000,0.026429,0.073008,0.031559,0.105956,35188.000000,59666.000000,51461.000000,1883.000000,6322.000000,31689.000000,930.000000,2569.000000
0.024522,0.042858,0.047457,1.068243,134.870938,233.551797,146.494891,134.547661,147.000000,184.000000,169.000000,272.000000,4081.000000,0.009549,0.010624,0.013637,0.016633,55819.000000,92104.000000,89316.000000,1256.000000,1532.000000,54693.000000,533.000000,593.000000
0.025614,0.048005,0.045081,1.067639,193.660654,172.640173,87.589245,157.181025,153.000000,183.000000,229.000000,208.000000,3916.000000,0.000920,0.016415,0.001428,0.024029,72798.000000,122520.000000,119401.000000,175.000000,2944.000000,71536.000000,67.000000,1195.000000
0.021889,0.031975,0.043363,0.849319,154.757253,219.485926,227.351211,186.758777,151.000000,181.000000,158.000000,206.000000,2852.000000,0.125711,0.287928,0.130065,0.374092,11423.000000,20928.000000,10377.000000,2722.000000,7829.000000,6698.000000,1436.000000,3289.000000
0.025206,0.041139,0.046370,0.846392,176.544589,237.179639,145.701204,167.525145,165.000000,191.000000,170.000000,219.000000,3111.000000,0.005434,0.032037,0.007335,0.048011,73789.000000,124472.000000,117583.000000,913.000000,5976.000000,71024.000000,401.000000,2364.000000
0.025067,0.037031,0.040849,0.903397,160.067098,184.730155,174.825028,174.448329,151.000000,177.000000,169.000000,189.000000,3393.000000,0.006332,0.012156,0.007994,0.016564,102338.000000,170004.000000,165829.000000,1359.000000,2816.000000,100446.000000,648.000000,1244.000000
