0.375578 0.252197 0.937415 28.2736 18.9579 0.00139816 0.256626 1671 0.505685 11796 0.682011 274 
0.371098 0.250928 1.04362 27.0096 12.7925 0.0129087 3.36101 2163 0.482663 14719 0.657382 311 
0.374568 0.250512 0.953607 25.6438 18.3768 0.0184481 0.968764 7057 0.357659 44263 0.539615 297 
0.366684 0.250806 1.14175 20.0449 20.9005 0.0114376 0.0795329 1777 0.259989 10092 0.413199 376 
0.368829 0.251331 0.979027 19.76 15.4033 0.284765 0.0440133 7840 0.00446429 35580 0.00899382 369 
0.372116 0.250636 1.01575 9.1266 19.8229 1.51518 0.130412 9122 0.06139 43741 0.119385 370 
0.367396 0.250177 1.14332 16.5203 11.9407 2.31951 2.05186 11916 0.0376804 55516 0.0733122 424 
0.382674 0.249144 0.866402 29.7044 18.3121 0.0145678 0.111516 9493 0.0339197 44090 0.0725561 322 
0.380337 0.252328 1.05402 12.5508 16.9325 1.75047 0.545818 12705 0.0707595 62462 0.140998 378 
0.378652 0.249485 1.06064 22.8154 13.7061 0.148629 0.405156 5589 0.0343532 25975 0.0716843 394 
0.376794 0.249175 1.04831 24.0557 13.9199 0.322305 4.50719 18914 0.119911 95985 0.226608 369 
0.373954 0.250186 1.19115 19.9931 16.0672 0.508857 1.28963 18247 0.0768894 88802 0.148961 430 
0.378477 0.251474 0.992305 21.544 17.0996 0.254904 0.43487 17581 0.0422615 83331 0.0863784 364 
0.366204 0.249219 1.06733 22.5661 16.1249 0.285578 0.0578947 17712 0.00327462 79272 0.00658492 406 
0.357899 0.250443 1.1333 23.6773 12.8534 0.46655 0.230193 17582 0.00364009 79267 0.00691334 429 
0.380756 0.247596 1.07303 19.7403 11.5375 0.536978 1.02629 5224 0.0417305 24255 0.0882705 399 
0.368192 0.250167 1.12919 21.195 13.8964 0.832365 2.2079 22609 0.0442302 106050 0.085884 417 
0.367868 0.250808 1.12923 18.5351 14.9609 0.862991 0.232176 15473 0.0100174 70393 0.0200162 425 
0.37677 0.251035 0.916702 19.1632 22.0714 0.181286 0.112349 23821 0.0511733 113615 0.102883 335 
0.387795 0.251793 0.986499 25.8045 15.9401 0.0612876 1.08071 10285 0.131065 54296 0.254347 339 
0.381146 0.248843 0.993393 18.516 19.2733 0.109181 0.140418 5894 0.0968782 29312 0.191764 354 
0.389042 0.249847 0.940935 27.1872 13.4685 0.23301 0.65378 24368 0.0130089 110962 0.0294876 354 
0.364454 0.24911 0.995113 26.3986 20.7612 0.0247642 0.258767 13947 0.0983724 68276 0.178965 358 
0.377517 0.249741 1.16875 21.3084 16.5848 0.43191 0.507432 22980 0.0306353 106460 0.0636953 435 
0.376114 0.250284 1.0095 17.153 17.5602 1.1912 1.65163 31477 0.103028 157727 0.196384 358 
0.378595 0.249662 1.03456 26.3564 17.4231 0.13178 0.863291 31139 0.0536305 147993 0.109397 379 
0.377833 0.25024 0.910102 18.2301 20.0506 0.435604 0.296974 26710 0.0573942 127792 0.115766 332 
0.370488 0.25026 0.81077 19.502 23.7105 0.15717 0.17379 34295 0.0893425 168480 0.167937 291 
0.379531 0.248313 1.00004 21.3642 22.5338 0.0596422 0.0227935 13329 0.0233326 60787 0.0498791 376 
0.389949 0.250836 1.00383 25.3288 13.7985 0.294378 0.147237 21556 0.00380405 97575 0.0087215 379 
0.366257 0.249707 1.00832 28.014 15.2761 0.162161 0.475058 32498 0.0107391 146971 0.0213784 381 
0.374833 0.251007 1.01761 18.9513 17.1078 0.292927 3.46565 15587 0.361519 98282 0.543436 316 
0.365135 0.251402 0.898593 31.7597 16.77 0.00653282 0.333629 5585 0.0746643 27086 0.137673 325 
0.369001 0.247572 0.983959 17.616 17.5442 0.0165426 0.310366 948 0.574895 6768 0.736998 286 
0.369579 0.249816 1.04925 22.0738 18.1496 0.308802 0.306516 29258 0.0232073 134177 0.0464759 393 
0.350689 0.250971 0.896267 37.3151 8.34364 0.0351408 0.376008 13287 0.00150523 59970 0.0027347 339 
0.344641 0.249176 0.987388 29.5072 18.2711 0.0574515 0.17203 34403 0.00787722 154358 0.0138833 375 
0.36881 0.24923 1.04233 27.0295 11.4859 0.062657 0.752128 3850 0.0366234 17835 0.0722736 388 
0.376058 0.257125 1.08897 19.3801 13.1886 0.1396 0.356144 2488 0.0542605 12295 0.104839 389 
0.373133 0.250239 1.00806 29.0641 16.6193 0.088228 0.45531 33111 0.0181813 151552 0.0372677 378 
0.380046 0.250297 1.00955 16.189 13.1733 5.83203 0.714935 36516 0.00769526 165432 0.0166111 381 
0.37727 0.250458 0.930431 25.2934 20.1881 0.0807176 0.276565 30024 0.0495937 142558 0.100457 341 
0.368403 0.249569 0.877272 29.2027 21.3362 0.0153074 0.074892 18954 0.0278042 87177 0.0551292 328 
0.386978 0.250305 1.16989 17.0758 15.7312 1.99996 0.695099 30226 0.0261695 140224 0.057508 435 
0.373752 0.252142 1.03415 21.499 16.7888 0.0177498 0.970543 2476 0.556947 17966 0.72281 298 
0.360582 0.250037 1.18444 18.3338 14.6721 0.67313 0.365232 10533 0.0190829 48064 0.036389 445 
0.380217 0.250861 0.968843 23.1739 18.4086 0.178057 0.294921 24918 0.0341119 116745 0.071275 358 
0.372406 0.250971 0.865944 34.2687 18.2802 0.000865163 0.747904 3658 0.49672 25272 0.671613 256 
0.351238 0.247521 0.972871 27.9895 14.7323 0.12166 0.455158 19460 0.0117677 86799 0.0217053 371 
0.383764 0.25031 1.07669 23.3998 15.0883 0.648641 0.0938503 39662 0.00201704 178524 0.00448119 408 
0.367681 0.249623 1.04192 17.4353 19.946 0.360445 0.191867 17094 0.0467415 80119 0.0905528 385 
0.383481 0.249727 0.854915 24.2956 18.5982 0.0369761 0.0903965 6940 0.0425072 32677 0.0901246 315 
0.374352 0.249879 0.78183 28.0259 27.4964 0.00408959 0.014728 18512 0.0627701 88683 0.123834 285 
0.374245 0.250037 0.922823 19.0006 18.9948 0.325488 0.824348 20089 0.134053 103416 0.245948 322 
0.37854 0.251048 1.01321 21.0453 19.7366 0.306325 0.0928838 34536 0.0124797 157989 0.0264385 380 
0.363232 0.248993 0.919619 26.6069 16.6526 0.23015 0.150923 44206 0.00398136 197696 0.00787067 350 
0.373669 0.24746 0.881556 26.8171 22.3127 0.00489473 0.14883 5433 0.306276 32298 0.484922 283 
0.372723 0.246908 0.951356 35.1578 13.9215 0.00992191 0.243263 7477 0.015648 33474 0.032712 362 
0.375404 0.250488 0.922084 20.1107 19.6552 0.236088 0.828448 23498 0.150396 123346 0.272494 318 
0.381133 0.249715 1.11321 24.3253 14.6796 0.0738772 0.750801 5555 0.0954095 27699 0.188346 396 
0.376686 0.251749 0.986684 28.7636 13.5801 0.180943 0.630921 30909 0.0090265 141396 0.0189114 370 
0.403888 0.250007 0.990417 18.7273 17.1743 0.503204 0.0235469 15977 0.0037554 72015 0.00940082 375 
0.374571 0.257273 1.00797 31.0614 12.2455 0.00774173 2.96431 2853 0.272345 17072 0.430705 322 
0.379152 0.248641 1.08457 20.4132 16.7377 0.222319 0.920829 10570 0.131031 54302 0.248094 379 
0.36879 0.254326 1.00947 24.0352 15.9296 0.0126993 0.139883 1431 0.0943396 7195 0.171508 357 
0.386022 0.249127 1.05365 19.2384 9.30824 7.29721 0.934535 36007 0.00244397 161029 0.00553937 401 
0.395801 0.251126 0.96732 26.4194 17.6157 0.148452 0.0857139 37753 0.00611872 171785 0.0144541 364 
0.368485 0.250061 1.03732 17.5307 17.3439 2.05669 0.772258 51660 0.0241967 237410 0.0480393 388 
0.362188 0.249472 0.882771 43.6837 10.0147 0.0133697 0.269659 35266 0.000793966 157672 0.0015602 336 
0.380746 0.247022 0.999649 24.383 15.233 0.130962 0.0899237 9506 0.00820534 42271 0.0181212 382 
0.386144 0.249541 1.15841 20.7181 17.6531 0.189963 0.249985 11555 0.0511467 54997 0.109006 424 
0.390067 0.24788 1.05937 17.2595 14.3101 0.80249 0.141002 8201 0.0117059 36862 0.0270468 402 
0.36366 0.249911 0.958857 29.5803 16.878 0.113049 0.0863897 49979 0.00220092 224353 0.00434583 364 
0.376678 0.249864 0.986115 30.8099 15.2125 0.0578618 1.48945 24062 0.0506192 113969 0.102423 362 
0.379042 0.251252 0.905581 20.5513 14.7482 1.94311 0.445881 55290 0.00569723 251300 0.0121846 341 
0.375684 0.251024 1.11464 17.0756 17.2963 1.88418 0.40184 42645 0.0166491 195862 0.0345345 417 
0.354601 0.247611 0.994958 30.3471 15.3133 0.027157 0.177164 9032 0.0126218 40356 0.0237139 379 
0.3899 0.252866 1.1188 23.3559 6.84366 1.01115 0.21637 8295 0.000964436 37867 0.00219188 420 
0.37841 0.250199 1.24086 19.1164 12.0351 2.83587 3.08597 28275 0.0274094 130899 0.0573343 462 
0.374104 0.254155 1.0806 24.164 15.3665 0.0285603 0.472149 2990 0.132441 15656 0.238694 373 
0.347696 0.256106 1.129 19.2674 11.7565 0.0886492 0.215847 1014 0.0364892 4840 0.0615702 412 
0.374703 0.25025 1.08531 24.973 14.2674 0.827605 0.766285 61269 0.00700191 277139 0.0146605 410 
0.387125 0.248255 0.815483 46.4675 11.9115 0.000330774 0.207784 2677 0.0201718 12184 0.0452232 307 
0.371293 0.250436 0.838179 24.7472 20.7932 0.167324 0.140527 60828 0.0140231 277409 0.0285319 315 
0.369647 0.250593 0.976122 33.1509 18.7312 0.000850226 0.394994 2589 0.419467 16738 0.596129 299 
0.376276 0.251223 0.990361 17.537 17.862 0.187765 0.744226 7083 0.231681 40258 0.389711 326 
0.369115 0.251615 1.04081 23.2322 13.9074 0.0417019 1.02946 2369 0.199662 12912 0.335502 351 
0.379251 0.24907 0.727271 22.1133 23.0368 0.00267167 0.0168688 1098 0.252277 6355 0.424233 237 
0.382206 0.250923 0.793349 26.3746 21.3218 0.00724504 0.0462713 4971 0.0842889 24665 0.168295 283 
0.378181 0.25008 0.943832 19.6055 18.5761 0.653964 0.658465 38628 0.0506886 183357 0.103268 346 
0.381452 0.252012 1.4518 10.4657 13.4972 2.5373 0.498476 4448 0.0505845 21375 0.103813 528 
0.366897 0.249995 0.946527 21.5738 17.5385 0.378615 0.0471007 26794 0.00298574 120443 0.00600284 359 
0.374166 0.250591 1.05297 19.1705 16.4263 0.540807 0.571347 16860 0.0422894 79354 0.0848224 388 
0.35798 0.247993 1.12921 19.3459 15.6562 0.123838 0.0395309 2969 0.0101044 13271 0.0193655 430 
0.369938 0.24992 0.927646 15.6228 18.8021 0.682596 0.288821 15706 0.0521457 74225 0.101556 341 
0.371758 0.252268 0.967419 19.0173 19.4308 0.200293 0.257802 13897 0.068432 67664 0.130779 349 
0.389576 0.250786 0.953345 20.5097 15.8674 1.50254 0.324556 55298 0.00728779 251358 0.0166018 359 
0.367563 0.249626 0.883435 22.1822 18.9067 0.0409626 0.21048 5270 0.113283 26313 0.205868 314 
0.381668 0.2487 0.903297 22.8422 16.215 0.126081 0.156669 8585 0.0232964 39262 0.0503031 339 
0.368375 0.25111 1.14568 14.7423 16.2664 5.86923 0.460168 56784 0.0088053 258492 0.0176369 431 
0.37466 0.249637 0.853582 30.1338 21.8571 0.0246906 0.0362074 43190 0.00805742 194882 0.0169077 323 
0.375707 0.249871 0.827433 29.9694 16.2403 0.101886 0.254924 42469 0.00713462 191716 0.0150587 313 
0.374488 0.25089 1.10782 26.2153 14.453 0.0449601 0.48442 5127 0.0565633 24537 0.11179 404 
0.385727 0.25004 0.973787 22.0535 20.417 0.376762 0.0618513 62078 0.0067979 280659 0.0152142 368 
0.361699 0.249809 0.935546 20.751 18.1426 0.582954 0.166079 39016 0.00832992 176049 0.0161716 354 
0.367905 0.250025 0.971556 23.0138 15.1422 0.481125 0.182088 26886 0.00483523 121112 0.00975956 368 
0.379899 0.251082 1.06836 25.448 12.8253 0.157864 1.01503 9723 0.0358943 45695 0.0746252 394 
0.376381 0.249413 0.908747 27.0543 20.2058 0.0495937 0.0224889 26282 0.00456586 117986 0.00972997 345 
0.37364 0.249874 0.810182 31.8838 23.3371 0.000614975 0.176869 5317 0.545044 38105 0.715707 235 
0.375889 0.25122 0.89457 38.7003 14.0989 0.00936959 0.048802 21516 0.0012084 97267 0.00254968 338 
0.380317 0.251117 1.00549 27.2067 18.5092 0.0454313 0.285075 18361 0.0465661 87359 0.0958688 368 
0.370131 0.248807 0.933985 24.0653 15.0104 0.35206 0.37337 23871 0.0109338 107463 0.0223798 354 
0.371396 0.24906 1.13622 19.3102 11.4784 3.40626 2.33218 29703 0.0150153 134524 0.0307826 429 
0.380088 0.249807 0.888051 25.5206 15.6614 0.250598 0.565987 30031 0.0190803 137474 0.0407713 333 
0.397016 0.248192 0.878068 40.758 15.0823 0.00397705 0.115545 16854 0.00688264 75461 0.0166444 334 
0.37904 0.249755 0.920667 21.2575 18.6875 0.47009 0.269676 41341 0.0205123 189453 0.0435095 345 
0.375065 0.250606 1.04699 18.3464 14.909 0.739529 0.734108 12810 0.0409836 60241 0.0827178 386 
0.375126 0.251213 1.06475 14.2397 18.7368 0.384966 0.392909 7251 0.163012 38621 0.290593 364 
0.377016 0.238441 0.982496 31.9533 17.5176 0.0003863 0.222627 651 0.669739 5086 0.82324 273 
0.389355 0.249592 1.1092 26.2814 7.74763 0.714672 4.08016 14194 0.0150768 64714 0.0341966 417 
0.374535 0.249403 0.856419 27.689 16.9871 0.245051 0.233936 68191 0.00530862 306326 0.0111809 325 
0.378734 0.249437 1.04441 31.829 13.6836 0.0451036 2.12421 16401 0.0609109 78487 0.123498 381 
0.368971 0.250279 0.925312 35.1148 16.4873 0.0417554 0.307126 68157 0.00535528 307672 0.0108557 350 
0.371601 0.246148 1.01473 21.9461 17.9776 0.139557 0.426776 11421 0.0801156 54515 0.15603 371 
0.372933 0.248457 1.09423 16.5101 18.0663 0.72326 0.157402 16022 0.0222194 72899 0.0457619 412 
0.375484 0.251608 0.918651 31.0819 14.1889 0.00525801 1.07195 2437 0.24128 13962 0.400731 301 
0.39173 0.250054 0.979299 30.1237 16.465 0.0265664 0.178341 12469 0.0230973 57630 0.0524206 365 
0.382331 0.250323 0.892513 16.4318 25.6347 0.258593 0.0155888 39403 0.0186788 180927 0.0403312 334 
0.379726 0.25346 1.16277 24.0269 12.9737 0.0336881 0.908771 1902 0.173502 10414 0.309295 391 
0.377824 0.248573 1.0874 19.4243 18.074 0.268453 0.145966 12421 0.0287416 57051 0.0603846 407 
0.378708 0.250206 0.783637 27.9859 22.5454 0.00221393 0.11964 4353 0.370549 27943 0.559997 241 
0.364852 0.250381 1.03975 21.3033 13.9564 2.27833 0.86325 62489 0.00616108 282404 0.0121705 393 
0.34426 0.249131 0.82751 34.557 22.4029 0.00647655 0.0209391 37959 0.00358281 169702 0.00632285 315 
0.377996 0.250728 1.01538 29.8547 12.9942 0.142721 2.16713 27148 0.0286946 126220 0.0596181 377 
0.369448 0.250606 0.995864 26.4137 12.472 0.115154 2.22944 8448 0.0716146 40830 0.135978 361 
0.387911 0.249442 0.895293 25.3459 13.1088 1.27213 0.628961 74979 0.00349431 336426 0.00798393 340 
0.375791 0.248193 1.05145 19.2134 17.5845 0.631638 0.231236 24011 0.0189913 108775 0.0399632 397 
0.400451 0.249644 0.972535 23.2088 20.3524 0.19539 0.0152606 41478 0.00318241 186363 0.00782881 369 
0.370515 0.250541 1.26608 17.8368 12.6537 1.3016 0.361389 10901 0.00972388 49516 0.0197714 477 
0.387158 0.249728 0.926345 27.6434 16.7698 0.281203 0.370617 74491 0.00848425 336923 0.0191438 350 
0.368947 0.248588 1.15548 23.2527 15.6635 0.271985 0.175668 17551 0.00877443 78719 0.0178991 439 
0.363306 0.250416 0.808113 41.7957 26.4513 0.000172798 0.00879507 18602 0.0194065 85148 0.0374994 303 
0.377379 0.250157 1.02158 22.801 11.5288 2.02383 0.725208 43561 0.00342049 196176 0.00730976 387 
0.364205 0.249234 1.15946 28.3033 9.42403 0.755333 3.07161 37004 0.00705329 166237 0.013962 440 
0.384877 0.248375 0.969833 22.1483 17.2203 0.222199 0.197593 16173 0.0239906 73963 0.0528102 364 
0.369956 0.250621 1.19844 17.3229 15.3939 5.5263 1.11709 81145 0.0110666 369251 0.0223859 451 
0.371019 0.249401 0.87391 22.4789 15.3471 0.284774 0.3172 14532 0.0174787 66113 0.0355906 329 
0.357874 0.252117 1.11715 11.5279 13.1753 1.34667 0.314207 2805 0.0349376 13126 0.0639189 413 
0.367837 0.252393 0.927788 29.6164 19.0297 0.014785 0.265028 13379 0.0590478 64416 0.111463 337 
0.383831 0.251091 0.919581 24.581 18.4631 0.119582 0.240061 24281 0.030806 113643 0.0658466 340 
0.363376 0.250604 1.06788 24.4047 15.2935 0.159525 0.629666 13767 0.0326142 63877 0.0621977 397 
0.371936 0.249529 1.04995 26.8366 16.5944 0.11318 0.182413 23314 0.0100798 105330 0.0207823 397 
0.382023 0.249705 0.908799 21.5901 17.6344 0.308182 0.35763 22925 0.0344166 106839 0.0730819 337 
0.387789 0.250958 1.05503 23.9607 16.6729 0.0670608 0.135774 7395 0.030426 34624 0.0665723 390 
0.373206 0.253599 0.967302 25.2332 15.5981 0.0350274 0.383811 4685 0.0740662 23123 0.140855 346 
0.372855 0.24994 0.991895 27.5631 19.265 0.0178263 0.185445 9291 0.0704983 44825 0.136866 360 
0.373948 0.249831 0.935118 21.9217 19.7729 0.0589254 0.0590969 8137 0.0315841 37703 0.0642654 348 
0.398457 0.249115 0.97244 20.1138 12.3461 1.57669 0.148417 20618 0.00247357 92244 0.00603833 370 
0.376306 0.250197 0.847439 36.2835 18.0159 0.0198598 1.12128 65689 0.0399001 308048 0.0813607 313 
0.380284 0.239085 1.01667 27.8622 15.9083 0.013597 0.269088 2294 0.130776 11308 0.259816 365 
0.357687 0.2509 1.03537 26.1795 16.5955 0.363514 0.293021 66680 0.00464907 301711 0.00878655 391 
0.371219 0.248885 0.92907 29.5965 18.3284 0.0128783 0.392514 8788 0.108443 43719 0.202178 331 
0.375713 0.24989 0.910281 23.7039 19.8413 0.0851913 0.176134 18941 0.0427644 88922 0.0867952 336 
0.385423 0.250615 0.815777 20.6961 20.8659 0.569188 0.0483423 76228 0.00511623 345078 0.0114148 308 
0.371086 0.248124 1.15228 13.7942 17.2627 1.73173 0.769846 16761 0.0749359 80351 0.144864 420 
0.371897 0.251096 1.08524 17.583 14.3808 0.517885 0.514798 6601 0.0440842 31176 0.0869258 399 
0.367931 0.249626 1.06088 27.4457 16.1357 0.11276 0.155437 24125 0.00663212 108618 0.0133956 402 
0.384235 0.248896 1.10355 26.3947 16.9006 0.151042 0.0616128 29150 0.00363636 130370 0.00815372 420 
0.381132 0.25044 1.0959 18.3636 15.9686 0.422382 0.44811 9661 0.0535141 46178 0.110204 400 
0.368357 0.249212 0.853591 17.2011 21.9025 0.0838158 0.108528 6681 0.140698 34178 0.250746 299 
0.370243 0.248779 0.872379 30.5415 17.3342 0.014957 0.325714 9486 0.0568206 44775 0.110999 321 
0.379872 0.250386 0.830179 20.2541 22.7714 0.052753 0.0703031 11110 0.0951395 55485 0.186104 295 
0.376524 0.247892 1.01988 28.7202 16.364 0.0844978 0.790203 25332 0.0392784 117227 0.0812697 380 
0.35933 0.250117 1.11905 28.4935 12.4212 0.603814 0.0455509 67169 0.000163766 301288 0.000315313 425 
0.3759 0.250566 0.843546 18.6782 19.4214 0.638946 0.291882 36838 0.0312178 171457 0.0639811 313 
0.377352 0.248554 1.08299 35.208 15.2097 0.0161002 0.440613 18301 0.019835 83191 0.0419877 408 
0.384303 0.249589 1.00316 26.3065 17.835 0.131631 0.125302 32436 0.00952645 146729 0.0211274 379 
0.384251 0.250241 0.899581 27.4115 19.2797 0.150264 0.0955084 71664 0.00572114 323912 0.0126948 340 
0.377838 0.252399 0.778514 37.1728 21.4375 0.000409048 0.169758 5788 0.255701 33870 0.421701 252 
0.376964 0.250261 0.965631 15.9879 13.9472 2.58595 1.92981 19509 0.050387 92595 0.101917 354 
0.363587 0.249127 0.849372 26.6831 19.7085 0.0663322 0.198319 28543 0.0247346 130360 0.0479825 319 
0.395139 0.249645 1.02269 22.8924 14.3269 0.953393 0.196557 41567 0.00344023 186786 0.00819655 388 
0.380983 0.248125 0.995615 20.4765 17.6168 0.143779 0.19884 7807 0.0549507 36915 0.11429 366 
0.395479 0.250337 0.813634 24.5106 28.484 0.0157022 0.000522058 36328 0.00283528 163783 0.00674673 308 
0.378114 0.256253 1.01231 21.0635 6.72071 0.35965 0.268064 1744 0.00516055 8160 0.0106618 374 
0.374966 0.258652 0.904566 20.5486 18.5559 0.00168609 0.477206 1499 0.892595 13452 0.943503 235 
0.38292 0.25288 0.960683 33.8209 14.2032 0.0097373 0.329447 7438 0.0266201 34983 0.0563131 354 
0.361693 0.249926 0.733436 24.5042 23.6247 0.0167492 0.0345484 11715 0.0419121 54581 0.0788003 272 
0.374179 0.24742 0.932741 23.0581 16.8282 0.0387236 0.321925 3490 0.133811 17749 0.248408 328 
0.380025 0.250126 0.927746 18.9262 19.0513 1.04373 0.0798716 55995 0.00523261 252693 0.0113379 351 
0.355448 0.250772 1.03347 26.215 10.9405 0.455311 0.349259 20259 0.00236932 91405 0.00443083 391 
0.372818 0.250159 1.12935 16.7979 16.0739 1.91751 0.360279 28950 0.0133679 131757 0.0275052 425 
0.378874 0.250361 0.946834 26.9328 12.1648 0.23779 0.313283 17016 0.00487776 76859 0.0104867 358 
0.366656 0.250739 0.909475 30.2587 18.6081 0.0122119 0.195996 10698 0.0458964 50379 0.0879533 335 
0.382831 0.250829 1.05201 20.2013 15.6233 0.245735 0.935141 8794 0.109961 44869 0.214313 369 
0.368421 0.251179 0.914204 21.3504 20.1226 0.312153 0.252594 42680 0.0266401 197875 0.0524068 340 
0.386015 0.250988 0.901036 32.9241 21.4509 0.00629385 0.0323834 21528 0.0153753 98918 0.033917 337 
0.366773 0.258971 0.804959 29.5733 14.4914 0.00332763 0.234448 1291 0.100697 6665 0.176144 280 
0.378864 0.249296 1.12948 15.0678 15.7633 2.2453 0.206642 19829 0.0107923 89616 0.0231878 427 
0.371965 0.250034 0.860134 34.5151 20.1731 0.00354323 0.0569808 12578 0.0221021 57726 0.0448671 322 
0.369103 0.250995 1.04277 27.0192 15.4094 0.0286197 0.546397 5245 0.0833174 25679 0.155847 375 
0.396917 0.249044 1.0907 23.1521 13.9393 1.05235 0.193089 43537 0.00282518 194786 0.00683314 415 
0.376624 0.250206 0.968961 32.434 13.5805 0.179994 1.19237 72479 0.00727107 327915 0.0153973 366 
0.375913 0.249639 0.839079 27.1344 19.6616 0.0179044 0.270561 9661 0.120795 49118 0.226658 295 
0.381156 0.248297 0.9696 31.4111 18.3852 0.00923258 0.262149 9471 0.080245 46125 0.162211 350 
0.380773 0.250875 0.977466 20.904 15.8596 1.23069 0.188825 49892 0.00416901 225883 0.00904451 369 
0.382109 0.250706 0.859976 29.942 24.1759 0.0248466 0.022193 77949 0.00765885 354050 0.0166954 324 
0.377326 0.251828 1.03207 20.604 15.9318 0.270376 0.622262 11307 0.0595207 54659 0.118462 374 
0.372849 0.250394 1.01298 21.9975 15.4385 2.46085 0.695797 116318 0.0050723 525412 0.0105175 383 
0.32961 0.249357 0.837869 32.7712 7.53672 0.198285 0.852113 18464 0.00167894 82517 0.00271459 319 
0.366707 0.250716 0.944092 25.8719 19.0765 0.0257951 0.358415 9131 0.116855 45928 0.20972 334 
0.375069 0.248115 0.966438 25.2715 22.017 0.0178937 0.14019 10429 0.138268 53511 0.255779 338 
0.371739 0.250313 1.00124 26.274 16.7651 0.51717 0.281233 98993 0.00388916 446343 0.00802522 379 
0.373252 0.250538 1.0341 22.4634 17.6635 0.121082 0.698515 12594 0.108464 63308 0.202581 366 
0.373671 0.242499 0.923939 23.2996 19.1885 0.00277202 0.516508 2138 0.840505 18375 0.92049 245 
0.390321 0.250106 1.0715 17.9701 15.5075 0.235412 0.144072 4231 0.0371071 19903 0.0820479 395 
0.353923 0.251039 1.19349 18.9594 12.3262 1.60558 0.825533 16657 0.0109864 75823 0.0201786 449 
0.377911 0.24863 0.769452 20.7471 24.718 0.104915 0.113953 37678 0.0912203 185385 0.179 276 
0.373766 0.249489 1.13834 24.5572 12.4002 0.753979 2.86668 31318 0.0252251 143838 0.0517249 426 
0.361173 0.249236 0.956025 31.7492 9.00693 0.375111 0.991257 38892 0.00182557 173808 0.00356715 364 
0.403757 0.252466 1.20563 19.9182 14.8074 0.0235198 0.0521461 649 0.0785824 3295 0.174507 424 
0.366777 0.249629 0.957996 13.9751 18.4384 2.63677 0.164084 34886 0.0110933 157765 0.0221532 362 
0.328885 0.251551 1.03238 26.0184 15.0571 0.0166564 0.167387 2106 0.034188 9719 0.0532977 385 
0.375742 0.253002 1.06342 21.7879 16.1268 0.0758766 0.685359 5176 0.150889 27498 0.270674 364 
0.371959 0.25094 0.91759 23.467 17.5039 0.0561737 0.139973 6785 0.0372881 31797 0.0741265 339 
0.37047 0.249475 0.991612 17.4699 14.8515 1.97627 0.0906558 25220 0.00237906 112959 0.00490443 377 
0.374334 0.249702 0.912764 32.3869 23.6225 0.0054283 0.0442258 26589 0.0307646 123021 0.0628348 340 
0.315142 0.250896 1.27611 21.1194 7.83057 1.06871 0.213732 6087 0.00131428 27444 0.00193121 483 
0.387044 0.250051 0.878193 28.1613 20.1548 0.0452779 0.0510233 32295 0.00997058 146621 0.0223979 331 
0.373701 0.246464 0.854664 28.9154 18.6729 0.0159467 0.553487 9618 0.165211 50187 0.298065 296 
0.367011 0.250101 1.03033 23.4805 16.0389 0.477909 0.209938 37680 0.00546709 169912 0.0109645 390 
0.373331 0.250385 0.950659 24.6709 18.0322 0.0597079 0.679187 12021 0.126945 61478 0.233157 333 
0.378606 0.250332 0.915511 26.8505 19.2516 0.0245657 0.0814755 10406 0.030271 48369 0.0631396 340 
0.384886 0.25014 0.909264 28.196 19.6938 0.0151519 0.224051 10795 0.105604 54784 0.209495 320 
0.366527 0.248945 0.88267 24.4619 18.5938 0.191194 0.322888 35505 0.0226165 161783 0.0447575 332 
0.375081 0.255443 0.988803 23.6283 15.2744 0.0127287 0.636291 1553 0.336124 9729 0.509302 308 
0.36471 0.249809 1.0159 29.7417 17.7086 0.0553905 0.490962 32030 0.0268186 147201 0.0520513 380 
0.364037 0.250834 1.19456 23.204 10.0573 0.991563 0.804618 16693 0.00515186 75565 0.0101105 451 
0.365981 0.250066 0.911668 22.4961 16.3667 0.800771 0.0760593 53300 0.00155722 239343 0.00311687 346 
0.400094 0.249716 1.07238 20.8132 16.1753 0.128479 0.0631205 5384 0.018945 24757 0.0454417 401 
0.378603 0.250807 0.907699 29.3076 21.5394 0.0136491 0.172312 20387 0.0776966 100035 0.153516 326 
0.372867 0.250327 0.81769 35.2298 21.8749 0.005462 0.0993776 36167 0.0256864 166938 0.0521271 305 
0.380127 0.250172 1.09024 20.3001 14.2416 3.3879 0.855299 77169 0.00654408 348880 0.0141625 412 
0.383905 0.249972 0.981941 20.8182 21.148 0.00419082 0.0946864 1431 0.578616 10989 0.754118 275 
0.363537 0.250177 0.821555 27.6793 21.3383 0.0410694 0.116439 35508 0.0210938 162579 0.0408048 308 
0.369394 0.251181 0.998862 22.3213 15.929 0.0766223 0.094592 4631 0.0198661 21331 0.0395668 373 
0.370873 0.250291 1.15802 19.7558 17.2487 0.532675 0.270696 22846 0.0191718 104655 0.0387368 434 
0.371138 0.249057 1.10869 18.9527 15.0945 5.1201 1.87895 100379 0.0136682 453935 0.0280194 419 
0.298627 0.246692 1.01544 28.1649 4.04529 1.00992 0.446126 11567 0.000432264 50829 0.000590214 391 
0.38902 0.249235 1.01348 13.2167 17.4886 4.62592 0.177901 39512 0.0104272 178684 0.0237962 383 
0.370371 0.250742 1.00212 19.2535 18.1546 1.22862 0.281314 58679 0.0107705 267142 0.0218311 377 
0.376812 0.248943 1.06419 19.8985 18.7364 0.467025 0.371455 29347 0.0391181 136591 0.0806129 395 
0.36853 0.251777 1.16122 16.2321 12.5589 1.96597 1.22432 11323 0.0300274 52853 0.05871 430 
0.384557 0.24996 0.898734 26.3292 15.961 0.211484 1.18503 34408 0.0414729 162113 0.0884445 331 
0.376238 0.251957 1.157 22.4069 13.5118 0.533452 1.05623 18488 0.0245024 86112 0.0502834 429 
0.361509 0.249948 0.904098 33.7343 20.9892 0.0101159 0.117209 35913 0.0178208 163633 0.0342229 340 
0.379499 0.23374 1.16789 14.4899 11.8763 0.105849 9.92573 2586 0.91686 23985 0.963561 299 
0.373327 0.249324 0.872744 14.5086 21.199 0.184144 0.31946 7771 0.301248 46226 0.475685 280 
0.373726 0.250478 1.0079 16.1752 16.3205 2.81715 2.28722 41272 0.0660739 198919 0.129078 366 
0.38084 0.250061 0.941249 21.8099 18.6178 0.259238 0.277283 26348 0.0331714 122796 0.0699371 349 
0.382646 0.24953 1.12682 18.6855 12.5875 1.58329 1.06549 15885 0.0216556 72871 0.0468911 422 
0.384076 0.251269 1.1166 11.7256 17.1124 7.94484 0.315259 44936 0.013063 206158 0.0285267 418 
0.38966 0.250576 0.920774 20.2406 18.07 0.29337 0.225401 17942 0.0368409 84564 0.0809801 339 
0.374004 0.249914 0.933698 29.4565 12.4176 0.508445 0.967521 71606 0.00375667 322082 0.00787688 354 
0.380144 0.249688 0.963785 27.4591 17.7971 0.458238 0.165227 148696 0.00253537 667166 0.00552936 366 
0.369853 0.251737 0.928564 24.2195 18.6732 0.0418567 0.273342 8870 0.0832018 43616 0.155654 333 
0.369825 0.250729 0.839557 30.647 22.4318 0.00673429 0.262839 19023 0.149714 99004 0.264585 291 
0.366702 0.253113 1.02403 17.7803 17.039 0.191117 0.210617 5373 0.0552764 25859 0.103678 372 
0.374586 0.250473 1.05852 22.8377 14.6192 0.541581 2.89103 27514 0.0670204 132824 0.131392 384 
0.323722 0.249579 0.885492 30.7904 11.8831 0.525896 0.276426 88983 0.000449524 397889 0.000701201 337 
0.374717 0.251123 1.19241 26.6836 16.4605 0.0429483 0.857395 9770 0.111771 49498 0.208958 420 
0.380886 0.251412 0.9833 20.7652 19.4059 0.180612 0.137136 18063 0.0323313 84742 0.067735 363 
0.383161 0.252423 0.875112 29.3861 21.4067 0.00307141 0.0290858 4779 0.0579619 23232 0.118802 316 
0.384464 0.249925 0.979452 18.8395 18.1437 2.29304 0.273388 95560 0.00796358 432311 0.0176771 370 
0.378068 0.251202 0.923831 26.5811 18.9435 0.0611591 0.148366 23047 0.0219551 106643 0.0458539 344 
0.372676 0.251085 0.957246 24.478 14.756 0.110539 0.705732 8818 0.0525062 42021 0.103091 350 
0.385887 0.249799 0.933838 31.6757 20.7926 0.0154252 0.0295847 30624 0.00764107 138404 0.0171238 353 
0.409022 0.249848 0.902221 35.2399 17.7257 0.0649799 0.00638921 145325 0.000151385 650865 0.000393323 343 
0.363396 0.24945 0.840714 29.3637 23.1579 0.0176708 0.0460222 35261 0.0162219 160015 0.0316345 317 
0.375042 0.254777 0.854967 23.0656 20.41 0.00511998 0.0630897 1654 0.214631 9360 0.359936 282 
0.379573 0.249479 0.992933 21.5363 16.4748 0.301466 0.217623 16169 0.0184303 73813 0.0393698 373 
0.372025 0.249302 0.757065 29.0134 18.4827 0.0414583 0.114054 23381 0.0127026 105791 0.0261648 286 
0.378616 0.250523 0.999867 21.362 16.9439 0.139194 0.517353 9010 0.0926748 44849 0.180517 356 
0.377291 0.250068 0.843235 15.1382 21.3174 0.356843 0.0381962 13305 0.0236753 61271 0.0494524 315 
0.37172 0.242777 0.906706 27.0879 18.5275 0.0053828 0.0538898 1572 0.0903308 7458 0.177125 333 
0.36836 0.246264 0.92769 31.7796 23.1244 0.00326813 0.0703659 10840 0.0881919 52031 0.167516 338 
0.379422 0.249589 0.890755 25.4305 16.1696 0.713941 0.316332 92788 0.00414924 416853 0.00899838 338 
0.375676 0.250606 0.944697 31.2114 17.7268 0.0503061 0.091488 42741 0.00444538 193205 0.00936829 357 
0.368637 0.249262 1.132 17.6054 12.8788 5.58907 0.217394 44807 0.00151762 200241 0.00310126 431 
0.370293 0.251112 0.938668 18.6062 19.6054 0.062143 0.270326 4675 0.222032 25983 0.368472 313 
