0.375578 0.252197 0.937415 28.2736 17.3044 0.00212158 0.477533 1671 0.505685 11796 0.682011 274 
0.371098 0.250928 1.04362 27.0096 13.7986 0.0100286 2.31376 2163 0.482663 14719 0.657382 311 
0.374568 0.250512 0.953607 25.6438 21.7325 0.00795915 0.275639 7057 0.357659 44263 0.539615 297 
0.366684 0.250806 1.14175 20.0449 19.543 0.0160771 0.130839 1777 0.259989 10092 0.413199 376 
0.368829 0.251331 0.979027 19.76 15.5055 0.277547 0.0423861 7840 0.00446429 35580 0.00899382 369 
0.372116 0.250636 1.01575 9.1266 19.1338 1.80085 0.168535 9122 0.06139 43741 0.119385 370 
0.367396 0.250177 1.14332 16.5203 11.5908 2.53168 2.3333 11916 0.0376804 55516 0.0733122 424 
0.382674 0.249144 0.866402 29.7044 16.9848 0.0202775 0.185323 9493 0.0339197 44090 0.0725561 322 
0.380337 0.252328 1.05402 12.5508 19.1146 1.00932 0.238017 12705 0.0707595 62462 0.140998 378 
0.378652 0.249485 1.06064 22.8154 13.7061 0.148629 0.405156 5589 0.0343532 25975 0.0716843 394 
0.376794 0.249175 1.04831 24.0557 17.7832 0.123081 1.05125 18914 0.119911 95985 0.226608 369 
0.373954 0.250186 1.19115 19.9931 15.9832 0.519658 1.33076 18247 0.0768894 88802 0.148961 430 
0.378477 0.251474 0.992305 21.544 18.4601 0.181049 0.259859 17581 0.0422615 83331 0.0863784 364 
0.366204 0.249219 1.06733 22.5661 14.8601 0.391403 0.0920024 17712 0.00327462 79272 0.00658492 406 
0.357899 0.250443 1.1333 23.6773 12.1034 0.562957 0.301072 17582 0.00364009 79267 0.00691334 429 
0.380756 0.247596 1.07303 19.7403 12.4228 0.431277 0.732602 5224 0.0417305 24255 0.0882705 399 
0.368192 0.250167 1.12919 21.195 15.2248 0.597021 1.35384 22609 0.0442302 106050 0.085884 417 
0.367868 0.250808 1.12923 18.5351 17.5733 0.448179 0.0888077 15473 0.0100174 70393 0.0200162 425 
0.37677 0.251035 0.916702 19.1632 22.1259 0.178821 0.110063 23821 0.0511733 113615 0.102883 335 
0.387795 0.251793 0.986499 25.8045 18.8291 0.0296111 0.352492 10285 0.131065 54296 0.254347 339 
0.381146 0.248843 0.993393 18.516 19.676 0.0987713 0.12044 5894 0.0968782 29312 0.191764 354 
0.389042 0.249847 0.940935 27.1872 14.5844 0.176315 0.423534 24368 0.0130089 110962 0.0294876 354 
0.364454 0.24911 0.995113 26.3986 18.6509 0.0418921 0.558379 13947 0.0983724 68276 0.178965 358 
0.377517 0.249741 1.16875 21.3084 15.3869 0.582525 0.797575 22980 0.0306353 106460 0.0636953 435 
0.376114 0.250284 1.0095 17.153 16.6687 1.48899 2.30962 31477 0.103028 157727 0.196384 358 
0.378595 0.249662 1.03456 26.3564 18.728 0.0951403 0.526749 31139 0.0536305 147993 0.109397 379 
0.377833 0.25024 0.910102 18.2301 19.3914 0.513736 0.380977 26710 0.0573942 127792 0.115766 332 
0.370488 0.25026 0.81077 19.502 23.3405 0.172419 0.199324 34295 0.0893425 168480 0.167937 291 
0.379531 0.248313 1.00004 21.3642 22.6837 0.0574616 0.0215322 13329 0.0233326 60787 0.0498791 376 
0.389949 0.250836 1.00383 25.3288 14.1969 0.266377 0.126047 21556 0.00380405 97575 0.0087215 379 
0.366257 0.249707 1.00832 28.014 16.0695 0.133016 0.355259 32498 0.0107391 146971 0.0213784 381 
0.374833 0.251007 1.01761 18.9513 19.368 0.166102 1.48543 15587 0.361519 98282 0.543436 316 
0.365135 0.251402 0.898593 31.7597 17.6047 0.0052963 0.245986 5585 0.0746643 27086 0.137673 325 
0.369001 0.247572 0.983959 17.616 15.1559 0.0298809 0.749225 948 0.574895 6768 0.736998 286 
0.369579 0.249816 1.04925 22.0738 15.767 0.559993 0.739405 29258 0.0232073 134177 0.0464759 393 
0.350689 0.250971 0.896267 37.3151 7.06054 0.0484912 0.58968 13287 0.00150523 59970 0.0027347 339 
0.344641 0.249176 0.987388 29.5072 17.3596 0.0721008 0.235522 34403 0.00787722 154358 0.0138833 375 
0.36881 0.24923 1.04233 27.0295 13.2608 0.0402587 0.390848 3850 0.0366234 17835 0.0722736 388 
0.376058 0.257125 1.08897 19.3801 14.7038 0.0945552 0.201448 2488 0.0542605 12295 0.104839 389 
0.373133 0.250239 1.00806 29.0641 16.8673 0.0829191 0.415068 33111 0.0181813 151552 0.0372677 378 
0.380046 0.250297 1.00955 16.189 15.1049 3.59629 0.343131 36516 0.00769526 165432 0.0166111 381 
0.37727 0.250458 0.930431 25.2934 19.7045 0.091112 0.331926 30024 0.0495937 142558 0.100457 341 
0.368403 0.249569 0.877272 29.2027 21.6212 0.0142565 0.0674281 18954 0.0278042 87177 0.0551292 328 
0.386978 0.250305 1.16989 17.0758 14.8336 2.50373 0.983752 30226 0.0261695 140224 0.057508 435 
0.373752 0.252142 1.03415 21.499 17.8041 0.0137408 0.664061 2476 0.556947 17966 0.72281 298 
0.360582 0.250037 1.18444 18.3338 13.9544 0.805428 0.473097 10533 0.0190829 48064 0.036389 445 
0.380217 0.250861 0.968843 23.1739 17.3249 0.233687 0.445312 24918 0.0341119 116745 0.071275 358 
0.372406 0.250971 0.865944 34.2687 18.7998 0.000759376 0.616309 3658 0.49672 25272 0.671613 256 
0.351238 0.247521 0.972871 27.9895 16.5311 0.0779438 0.241976 19460 0.0117677 86799 0.0217053 371 
0.383764 0.25031 1.07669 23.3998 14.206 0.808949 0.131671 39662 0.00201704 178524 0.00448119 408 
0.367681 0.249623 1.04192 17.4353 19.7541 0.378137 0.205898 17094 0.0467415 80119 0.0905528 385 
0.383481 0.249727 0.854915 24.2956 21.9319 0.0160831 0.0251739 6940 0.0425072 32677 0.0901246 315 
0.374352 0.249879 0.78183 28.0259 25.1941 0.00726988 0.0348697 18512 0.0627701 88683 0.123834 285 
0.374245 0.250037 0.922823 19.0006 20.7287 0.210989 0.430834 20089 0.134053 103416 0.245948 322 
0.37854 0.251048 1.01321 21.0453 19.4405 0.329963 0.1039 34536 0.0124797 157989 0.0264385 380 
0.363232 0.248993 0.919619 26.6069 15.8371 0.281969 0.202959 44206 0.00398136 197696 0.00787067 350 
0.373669 0.24746 0.881556 26.8171 21.9724 0.00532478 0.169011 5433 0.306276 32298 0.484922 283 
0.372723 0.246908 0.951356 35.1578 15.9187 0.00605953 0.115557 7477 0.015648 33474 0.032712 362 
0.375404 0.250488 0.922084 20.1107 21.0108 0.168113 0.498024 23498 0.150396 123346 0.272494 318 
0.381133 0.249715 1.11321 24.3253 14.9042 0.0698482 0.689211 5555 0.0954095 27699 0.188346 396 
0.376686 0.251749 0.986684 28.7636 12.0092 0.268717 1.14016 30909 0.0090265 141396 0.0189114 370 
0.403888 0.250007 0.990417 18.7273 15.9122 0.689887 0.0392024 15977 0.0037554 72015 0.00940082 375 
0.374571 0.257273 1.00797 31.0614 16.6604 0.00248634 0.567217 2853 0.272345 17072 0.430705 322 
0.379152 0.248641 1.08457 20.4132 17.8902 0.166925 0.594838 10570 0.131031 54302 0.248094 379 
0.36879 0.254326 1.00947 24.0352 16.4745 0.0110561 0.11442 1431 0.0943396 7195 0.171508 357 
0.386022 0.249127 1.05365 19.2384 10.3522 5.62604 0.624559 36007 0.00244397 161029 0.00553937 401 
0.395801 0.251126 0.96732 26.4194 19.1147 0.101884 0.047357 37753 0.00611872 171785 0.0144541 364 
0.368485 0.250061 1.03732 17.5307 15.5605 3.21256 1.48994 51660 0.0241967 237410 0.0480393 388 
0.362188 0.249472 0.882771 43.6837 8.76865 0.0182443 0.423465 35266 0.000793966 157672 0.0015602 336 
0.380746 0.247022 0.999649 24.383 15.1829 0.13259 0.0916526 9506 0.00820534 42271 0.0181212 382 
0.386144 0.249541 1.15841 20.7181 17.3941 0.202645 0.276277 11555 0.0511467 54997 0.109006 424 
0.390067 0.24788 1.05937 17.2595 13.0357 1.10059 0.231795 8201 0.0117059 36862 0.0270468 402 
0.36366 0.249911 0.958857 29.5803 14.375 0.211314 0.21467 49979 0.00220092 224353 0.00434583 364 
0.376678 0.249864 0.986115 30.8099 17.0885 0.0362087 0.734723 24062 0.0506192 113969 0.102423 362 
0.379042 0.251252 0.905581 20.5513 16.8463 1.14699 0.201298 55290 0.00569723 251300 0.0121846 341 
0.375684 0.251024 1.11464 17.0756 13.7974 4.53489 1.49598 42645 0.0166491 195862 0.0345345 417 
0.354601 0.247611 0.994958 30.3471 14.5595 0.0327297 0.231453 9032 0.0126218 40356 0.0237139 379 
0.3899 0.252866 1.1188 23.3559 7.73748 0.8066 0.152702 8295 0.000964436 37867 0.00219188 420 
0.37841 0.250199 1.24086 19.1164 12.0754 2.80742 3.03928 28275 0.0274094 130899 0.0573343 462 
0.374104 0.254155 1.0806 24.164 15.5515 0.0272479 0.440563 2990 0.132441 15656 0.238694 373 
0.347696 0.256106 1.129 19.2674 12.7308 0.0690727 0.153823 1014 0.0364892 4840 0.0615702 412 
0.374703 0.25025 1.08531 24.973 13.0696 1.11687 1.20036 61269 0.00700191 277139 0.0146605 410 
0.387125 0.248255 0.815483 46.4675 13.8122 0.00020635 0.0995526 2677 0.0201718 12184 0.0452232 307 
0.371293 0.250436 0.838179 24.7472 22.1652 0.118668 0.0844348 60828 0.0140231 277409 0.0285319 315 
0.369647 0.250593 0.976122 33.1509 18.4751 0.000906584 0.434216 2589 0.419467 16738 0.596129 299 
0.376276 0.251223 0.990361 17.537 15.3882 0.34956 1.88785 7083 0.231681 40258 0.389711 326 
0.369115 0.251615 1.04081 23.2322 13.3309 0.0482115 1.27357 2369 0.199662 12912 0.335502 351 
0.379251 0.24907 0.727271 22.1133 20.4243 0.00512126 0.0454342 1098 0.252277 6355 0.424233 237 
0.382206 0.250923 0.793349 26.3746 21.2588 0.00736053 0.0473994 4971 0.0842889 24665 0.168295 283 
0.378181 0.25008 0.943832 19.6055 19.1588 0.565281 0.528231 38628 0.0506886 183357 0.103268 346 
0.381452 0.252012 1.4518 10.4657 11.1208 4.61805 1.23401 4448 0.0505845 21375 0.103813 528 
0.366897 0.249995 0.946527 21.5738 15.8481 0.577731 0.0875742 26794 0.00298574 120443 0.00600284 359 
0.374166 0.250591 1.05297 19.1705 15.6666 0.654225 0.759206 16860 0.0422894 79354 0.0848224 388 
0.35798 0.247993 1.12921 19.3459 14.3721 0.170275 0.0625996 2969 0.0101044 13271 0.0193655 430 
0.369938 0.24992 0.927646 15.6228 15.5681 1.53171 0.95545 15706 0.0521457 74225 0.101556 341 
0.371758 0.252268 0.967419 19.0173 18.759 0.237289 0.330952 13897 0.068432 67664 0.130779 349 
0.389576 0.250786 0.953345 20.5097 16.9163 1.155 0.215684 55298 0.00728779 251358 0.0166018 359 
0.367563 0.249626 0.883435 22.1822 20.7744 0.0256985 0.105942 5270 0.113283 26313 0.205868 314 
0.381668 0.2487 0.903297 22.8422 15.3293 0.157147 0.219677 8585 0.0232964 39262 0.0503031 339 
0.368375 0.25111 1.14568 14.7423 17.9684 3.82793 0.24582 56784 0.0088053 258492 0.0176369 431 
0.37466 0.249637 0.853582 30.1338 22.7943 0.0195399 0.0254858 43190 0.00805742 194882 0.0169077 323 
0.375707 0.249871 0.827433 29.9694 15.1526 0.133705 0.383608 42469 0.00713462 191716 0.0150587 313 
0.374488 0.25089 1.10782 26.2153 13.5052 0.0570297 0.690832 5127 0.0565633 24537 0.11179 404 
0.385727 0.25004 0.973787 22.0535 19.6982 0.450949 0.0816148 62078 0.0067979 280659 0.0152142 368 
0.361699 0.249809 0.935546 20.751 19.3184 0.434583 0.108547 39016 0.00832992 176049 0.0161716 354 
0.367905 0.250025 0.971556 23.0138 15.5539 0.434063 0.156494 26886 0.00483523 121112 0.00975956 368 
0.379899 0.251082 1.06836 25.448 13.4337 0.1355 0.80556 9723 0.0358943 45695 0.0746252 394 
0.376381 0.249413 0.908747 27.0543 18.4451 0.0769378 0.0436282 26282 0.00456586 117986 0.00972997 345 
0.37364 0.249874 0.810182 31.8838 27.1016 0.000240065 0.0433285 5317 0.545044 38105 0.715707 235 
0.375889 0.25122 0.89457 38.7003 12.981 0.0124074 0.0742888 21516 0.0012084 97267 0.00254968 338 
0.380317 0.251117 1.00549 27.2067 17.1665 0.0636472 0.475029 18361 0.0465661 87359 0.0958688 368 
0.370131 0.248807 0.933985 24.0653 14.4215 0.407613 0.464299 23871 0.0109338 107463 0.0223798 354 
0.371396 0.24906 1.13622 19.3102 12.6225 2.56166 1.52482 29703 0.0150153 134524 0.0307826 429 
0.380088 0.249807 0.888051 25.5206 16.2244 0.217718 0.456948 30031 0.0190803 137474 0.0407713 333 
0.397016 0.248192 0.878068 40.758 15.1392 0.00392124 0.112962 16854 0.00688264 75461 0.0166444 334 
0.37904 0.249755 0.920667 21.2575 14.6144 1.30012 1.26282 41341 0.0205123 189453 0.0435095 345 
0.375065 0.250606 1.04699 18.3464 16.8192 0.458196 0.358594 12810 0.0409836 60241 0.0827178 386 
0.375126 0.251213 1.06475 14.2397 19.2533 0.338116 0.323696 7251 0.163012 38621 0.290593 364 
0.377016 0.238441 0.982496 31.9533 15.482 0.000627656 0.479606 651 0.669739 5086 0.82324 273 
0.389355 0.249592 1.1092 26.2814 8.33364 0.617427 3.24777 14194 0.0150768 64714 0.0341966 417 
0.374535 0.249403 0.856419 27.689 16.1698 0.300461 0.317722 68191 0.00530862 306326 0.0111809 325 
0.378734 0.249437 1.04441 31.829 14.0666 0.0409942 1.8374 16401 0.0609109 78487 0.123498 381 
0.368971 0.250279 0.925312 35.1148 16.1631 0.0452849 0.346154 68157 0.00535528 307672 0.0108557 350 
0.371601 0.246148 1.01473 21.9461 18.6674 0.117762 0.330271 11421 0.0801156 54515 0.15603 371 
0.372933 0.248457 1.09423 16.5101 19.3915 0.520365 0.0960257 16022 0.0222194 72899 0.0457619 412 
0.375484 0.251608 0.918651 31.0819 19.414 0.00141211 0.150703 2437 0.24128 13962 0.400731 301 
0.39173 0.250054 0.979299 30.1237 15.0864 0.0375005 0.306039 12469 0.0230973 57630 0.0524206 365 
0.382331 0.250323 0.892513 16.4318 26.6991 0.198107 0.0103771 39403 0.0186788 180927 0.0403312 334 
0.379726 0.25346 1.16277 24.0269 15.1667 0.0193231 0.395181 1902 0.173502 10414 0.309295 391 
0.377824 0.248573 1.0874 19.4243 17.9361 0.277818 0.153775 12421 0.0287416 57051 0.0603846 407 
0.378708 0.250206 0.783637 27.9859 22.354 0.00232255 0.128635 4353 0.370549 27943 0.559997 241 
0.364852 0.250381 1.03975 21.3033 15.5914 1.51297 0.475407 62489 0.00616108 282404 0.0121705 393 
0.34426 0.249131 0.82751 34.557 21.1341 0.00888444 0.032409 37959 0.00358281 169702 0.00632285 315 
0.377996 0.250728 1.01538 29.8547 15.604 0.0741822 0.80806 27148 0.0286946 126220 0.0596181 377 
0.369448 0.250606 0.995864 26.4137 13.6267 0.0862175 1.45517 8448 0.0716146 40830 0.135978 361 
0.387911 0.249442 0.895293 25.3459 15.3427 0.728669 0.264413 74979 0.00349431 336426 0.00798393 340 
0.375791 0.248193 1.05145 19.2134 18.9159 0.453888 0.140201 24011 0.0189913 108775 0.0399632 397 
0.400451 0.249644 0.972535 23.2088 23.9512 0.0795647 0.00361147 41478 0.00318241 186363 0.00782881 369 
0.370515 0.250541 1.26608 17.8368 10.995 1.97222 0.668152 10901 0.00972388 49516 0.0197714 477 
0.387158 0.249728 0.926345 27.6434 16.8238 0.277438 0.362952 74491 0.00848425 336923 0.0191438 350 
0.368947 0.248588 1.15548 23.2527 15.0577 0.31619 0.219665 17551 0.00877443 78719 0.0178991 439 
0.363306 0.250416 0.808113 41.7957 27.1938 0.00014348 0.00671569 18602 0.0194065 85148 0.0374994 303 
0.377379 0.250157 1.02158 22.801 12.214 1.70502 0.559964 43561 0.00342049 196176 0.00730976 387 
0.364205 0.249234 1.15946 28.3033 10.4159 0.589903 2.14034 37004 0.00705329 166237 0.013962 440 
0.384877 0.248375 0.969833 22.1483 14.7972 0.405617 0.502103 16173 0.0239906 73963 0.0528102 364 
0.369956 0.250621 1.19844 17.3229 14.2675 7.32896 1.69464 81145 0.0110666 369251 0.0223859 451 
0.371019 0.249401 0.87391 22.4789 18.265 0.137547 0.10744 14532 0.0174787 66113 0.0355906 329 
0.357874 0.252117 1.11715 11.5279 13.7571 1.16293 0.255144 2805 0.0349376 13126 0.0639189 413 
0.367837 0.252393 0.927788 29.6164 18.0597 0.0188865 0.378666 13379 0.0590478 64416 0.111463 337 
0.383831 0.251091 0.919581 24.581 15.962 0.224083 0.626976 24281 0.030806 113643 0.0658466 340 
0.363376 0.250604 1.06788 24.4047 16.464 0.118968 0.411513 13767 0.0326142 63877 0.0621977 397 
0.371936 0.249529 1.04995 26.8366 16.1181 0.12746 0.21776 23314 0.0100798 105330 0.0207823 397 
0.382023 0.249705 0.908799 21.5901 20.4403 0.15294 0.122435 22925 0.0344166 106839 0.0730819 337 
0.387789 0.250958 1.05503 23.9607 15.2511 0.0958133 0.235648 7395 0.030426 34624 0.0665723 390 
0.373206 0.253599 0.967302 25.2332 15.7015 0.034121 0.369285 4685 0.0740662 23123 0.140855 346 
0.372855 0.24994 0.991895 27.5631 19.013 0.0189854 0.203718 9291 0.0704983 44825 0.136866 360 
0.373948 0.249831 0.935118 21.9217 19.8263 0.0581435 0.057927 8137 0.0315841 37703 0.0642654 348 
0.398457 0.249115 0.97244 20.1138 12.3461 1.57669 0.148417 20618 0.00247357 92244 0.00603833 370 
0.376306 0.250197 0.847439 36.2835 19.3139 0.0143526 0.687986 65689 0.0399001 308048 0.0813607 313 
0.380284 0.239085 1.01667 27.8622 14.8263 0.0176112 0.406056 2294 0.130776 11308 0.259816 365 
0.357687 0.2509 1.03537 26.1795 15.3882 0.492124 0.451277 66680 0.00464907 301711 0.00878655 391 
0.371219 0.248885 0.92907 29.5965 19.2433 0.0102558 0.279484 8788 0.108443 43719 0.202178 331 
0.375713 0.24989 0.910281 23.7039 16.8202 0.181241 0.548009 18941 0.0427644 88922 0.0867952 336 
0.385423 0.250615 0.815777 20.6961 21.0498 0.543555 0.0450349 76228 0.00511623 345078 0.0114148 308 
0.371086 0.248124 1.15228 13.7942 16.9155 1.8875 0.875687 16761 0.0749359 80351 0.144864 420 
0.371897 0.251096 1.08524 17.583 13.1368 0.707761 0.817621 6601 0.0440842 31176 0.0869258 399 
0.367931 0.249626 1.06088 27.4457 15.7115 0.125355 0.181691 24125 0.00663212 108618 0.0133956 402 
0.384235 0.248896 1.10355 26.3947 16.9913 0.147674 0.0595045 29150 0.00363636 130370 0.00815372 420 
0.381132 0.25044 1.0959 18.3636 15.7405 0.447216 0.488815 9661 0.0535141 46178 0.110204 400 
0.368357 0.249212 0.853591 17.2011 22.5468 0.0713819 0.0855978 6681 0.140698 34178 0.250746 299 
0.370243 0.248779 0.872379 30.5415 18.8817 0.0101776 0.183657 9486 0.0568206 44775 0.110999 321 
0.379872 0.250386 0.830179 20.2541 21.085 0.0804686 0.13341 11110 0.0951395 55485 0.186104 295 
0.376524 0.247892 1.01988 28.7202 17.7367 0.0601261 0.471271 25332 0.0392784 117227 0.0812697 380 
0.35933 0.250117 1.11905 28.4935 11.2595 0.807406 0.069149 67169 0.000163766 301288 0.000315313 425 
0.3759 0.250566 0.843546 18.6782 21.733 0.358021 0.122412 36838 0.0312178 171457 0.0639811 313 
0.377352 0.248554 1.08299 35.208 13.1321 0.0269833 0.965015 18301 0.019835 83191 0.0419877 408 
0.384303 0.249589 1.00316 26.3065 19.6792 0.0830728 0.0616828 32436 0.00952645 146729 0.0211274 379 
0.384251 0.250241 0.899581 27.4115 20.836 0.101794 0.0525209 71664 0.00572114 323912 0.0126948 340 
0.377838 0.252399 0.778514 37.1728 22.0797 0.000347835 0.133181 5788 0.255701 33870 0.421701 252 
0.376964 0.250261 0.965631 15.9879 15.0863 1.94451 1.25609 19509 0.050387 92595 0.101917 354 
0.363587 0.249127 0.849372 26.6831 22.4164 0.0337867 0.0740935 28543 0.0247346 130360 0.0479825 319 
0.395139 0.249645 1.02269 22.8924 12.9091 1.35829 0.344189 41567 0.00344023 186786 0.00819655 388 
0.380983 0.248125 0.995615 20.4765 18.3199 0.120762 0.152115 7807 0.0549507 36915 0.11429 366 
0.395479 0.250337 0.813634 24.5106 30.2046 0.0102068 0.000264354 36328 0.00283528 163783 0.00674673 308 
0.378114 0.256253 1.01231 21.0635 6.52314 0.378327 0.288856 1744 0.00516055 8160 0.0106618 374 
0.374966 0.258652 0.904566 20.5486 18.9981 0.00150387 0.404292 1499 0.892595 13452 0.943503 235 
0.38292 0.25288 0.960683 33.8209 15.4002 0.00719402 0.208312 7438 0.0266201 34983 0.0563131 354 
0.361693 0.249926 0.733436 24.5042 21.9204 0.0256438 0.0639945 11715 0.0419121 54581 0.0788003 272 
0.374179 0.24742 0.932741 23.0581 16.2921 0.0442157 0.393428 3490 0.133811 17749 0.248408 328 
0.380025 0.250126 0.927746 18.9262 17.6501 1.48184 0.136037 55995 0.00523261 252693 0.0113379 351 
0.355448 0.250772 1.03347 26.215 10.9888 0.449821 0.343305 20259 0.00236932 91405 0.00443083 391 
0.372818 0.250159 1.12935 16.7979 14.3915 2.92089 0.674586 28950 0.0133679 131757 0.0275052 425 
0.378874 0.250361 0.946834 26.9328 14.8052 0.122774 0.115208 17016 0.00487776 76859 0.0104867 358 
0.366656 0.250739 0.909475 30.2587 18.4981 0.0125532 0.204059 10698 0.0458964 50379 0.0879533 335 
0.382831 0.250829 1.05201 20.2013 13.7222 0.395879 1.93624 8794 0.109961 44869 0.214313 369 
0.368421 0.251179 0.914204 21.3504 18.3725 0.48449 0.481342 42680 0.0266401 197875 0.0524068 340 
0.386015 0.250988 0.901036 32.9241 19.7306 0.00969231 0.0629088 21528 0.0153753 98918 0.033917 337 
0.366773 0.258971 0.804959 29.5733 15.0504 0.00287912 0.190985 1291 0.100697 6665 0.176144 280 
0.378864 0.249296 1.12948 15.0678 15.0993 2.64952 0.265752 19829 0.0107923 89616 0.0231878 427 
0.371965 0.250034 0.860134 34.5151 16.8597 0.00811335 0.195429 12578 0.0221021 57726 0.0448671 322 
0.369103 0.250995 1.04277 27.0192 14.6902 0.034282 0.712527 5245 0.0833174 25679 0.155847 375 
0.396917 0.249044 1.0907 23.1521 14.9479 0.818617 0.129392 43537 0.00282518 194786 0.00683314 415 
0.376624 0.250206 0.968961 32.434 15.4382 0.113083 0.592326 72479 0.00727107 327915 0.0153973 366 
0.375913 0.249639 0.839079 27.1344 22.5815 0.00863768 0.090277 9661 0.120795 49118 0.226658 295 
0.381156 0.248297 0.9696 31.4111 15.7552 0.0177387 0.714323 9471 0.080245 46125 0.162211 350 
0.380773 0.250875 0.977466 20.904 14.7854 1.61134 0.284249 49892 0.00416901 225883 0.00904451 369 
0.382109 0.250706 0.859976 29.942 21.9666 0.0432337 0.0516245 77949 0.00765885 354050 0.0166954 324 
0.377326 0.251828 1.03207 20.604 15.9803 0.267098 0.61099 11307 0.0595207 54659 0.118462 374 
0.372849 0.250394 1.01298 21.9975 16.9686 1.67761 0.39329 116318 0.0050723 525412 0.0105175 383 
0.32961 0.249357 0.837869 32.7712 9.2673 0.128789 0.481691 18464 0.00167894 82517 0.00271459 319 
0.366707 0.250716 0.944092 25.8719 18.1232 0.0327594 0.508402 9131 0.116855 45928 0.20972 334 
0.375069 0.248115 0.966438 25.2715 19.5854 0.0327129 0.348983 10429 0.138268 53511 0.255779 338 
0.371739 0.250313 1.00124 26.274 14.9674 0.811088 0.548662 98993 0.00388916 446343 0.00802522 379 
0.373252 0.250538 1.0341 22.4634 16.7449 0.152419 0.984222 12594 0.108464 63308 0.202581 366 
0.373671 0.242499 0.923939 23.2996 18.4849 0.00328766 0.671807 2138 0.840505 18375 0.92049 245 
0.390321 0.250106 1.0715 17.9701 15.0875 0.261484 0.169735 4231 0.0371071 19903 0.0820479 395 
0.353923 0.251039 1.19349 18.9594 13.6668 1.14676 0.513658 16657 0.0109864 75823 0.0201786 449 
0.377911 0.24863 0.769452 20.7471 24.718 0.104915 0.113953 37678 0.0912203 185385 0.179 276 
0.373766 0.249489 1.13834 24.5572 13.1908 0.619004 2.13325 31318 0.0252251 143838 0.0517249 426 
0.361173 0.249236 0.956025 31.7492 11.2558 0.214158 0.439982 38892 0.00182557 173808 0.00356715 364 
0.403757 0.252466 1.20563 19.9182 15.9271 0.017728 0.0331799 649 0.0785824 3295 0.174507 424 
0.366777 0.249629 0.957996 13.9751 20.5783 1.54555 0.0748526 34886 0.0110933 157765 0.0221532 362 
0.328885 0.251551 1.03238 26.0184 15.2024 0.0160587 0.159576 2106 0.034188 9719 0.0532977 385 
0.375742 0.253002 1.06342 21.7879 16.8321 0.0634768 0.525811 5176 0.150889 27498 0.270674 364 
0.371959 0.25094 0.91759 23.467 15.9236 0.083512 0.25195 6785 0.0372881 31797 0.0741265 339 
0.37047 0.249475 0.991612 17.4699 14.2465 2.29828 0.113435 25220 0.00237906 112959 0.00490443 377 
0.374334 0.249702 0.912764 32.3869 18.9663 0.017362 0.252718 26589 0.0307646 123021 0.0628348 340 
0.315142 0.250896 1.27611 21.1194 7.36039 1.20251 0.247868 6087 0.00131428 27444 0.00193121 483 
0.387044 0.250051 0.878193 28.1613 22.8308 0.0231894 0.0181119 32295 0.00997058 146621 0.0223979 331 
0.373701 0.246464 0.854664 28.9154 20.662 0.00976704 0.2632 9618 0.165211 50187 0.298065 296 
0.367011 0.250101 1.03033 23.4805 18.1741 0.280169 0.0958856 37680 0.00546709 169912 0.0109645 390 
0.373331 0.250385 0.950659 24.6709 17.2959 0.0717961 0.894077 12021 0.126945 61478 0.233157 333 
0.378606 0.250332 0.915511 26.8505 17.2309 0.0407399 0.175101 10406 0.030271 48369 0.0631396 340 
0.384886 0.25014 0.909264 28.196 17.3842 0.0270001 0.545003 10795 0.105604 54784 0.209495 320 
0.366527 0.248945 0.88267 24.4619 17.121 0.275872 0.55398 35505 0.0226165 161783 0.0447575 332 
0.375081 0.255443 0.988803 23.6283 15.679 0.0114791 0.546714 1553 0.336124 9729 0.509302 308 
0.36471 0.249809 1.0159 29.7417 18.939 0.0407328 0.313442 32030 0.0268186 147201 0.0520513 380 
0.364037 0.250834 1.19456 23.204 9.72247 1.07844 0.908928 16693 0.00515186 75565 0.0101105 451 
0.365981 0.250066 0.911668 22.4961 17.7927 0.56059 0.0451342 53300 0.00155722 239343 0.00311687 346 
0.400094 0.249716 1.07238 20.8132 15.8023 0.141022 0.0732795 5384 0.018945 24757 0.0454417 401 
0.378603 0.250807 0.907699 29.3076 19.336 0.0237195 0.396831 20387 0.0776966 100035 0.153516 326 
0.372867 0.250327 0.81769 35.2298 23.2201 0.00390033 0.0601792 36167 0.0256864 166938 0.0521271 305 
0.380127 0.250172 1.09024 20.3001 14.7919 2.95214 0.693847 77169 0.00654408 348880 0.0141625 412 
0.383905 0.249972 0.981941 20.8182 20.5879 0.00482065 0.117402 1431 0.578616 10989 0.754118 275 
0.363537 0.250177 0.821555 27.6793 24.3204 0.0194762 0.0393793 35508 0.0210938 162579 0.0408048 308 
0.369394 0.251181 0.998862 22.3213 16.0792 0.0737859 0.0894877 4631 0.0198661 21331 0.0395668 373 
0.370873 0.250291 1.15802 19.7558 17.5509 0.493865 0.241992 22846 0.0191718 104655 0.0387368 434 
0.371138 0.249057 1.10869 18.9527 14.9592 5.29557 1.97571 100379 0.0136682 453935 0.0280194 419 
0.298627 0.246692 1.01544 28.1649 4.68541 0.862399 0.368502 11567 0.000432264 50829 0.000590214 391 
0.38902 0.249235 1.01348 13.2167 16.2059 6.36856 0.293016 39512 0.0104272 178684 0.0237962 383 
0.370371 0.250742 1.00212 19.2535 15.2607 2.53833 0.82162 58679 0.0107705 267142 0.0218311 377 
0.376812 0.248943 1.06419 19.8985 19.4881 0.387316 0.279824 29347 0.0391181 136591 0.0806129 395 
0.36853 0.251777 1.16122 16.2321 12.2575 2.12097 1.36816 11323 0.0300274 52853 0.05871 430 
0.384557 0.24996 0.898734 26.3292 17.4631 0.145282 0.665062 34408 0.0414729 162113 0.0884445 331 
0.376238 0.251957 1.157 22.4069 11.74 0.833632 2.05718 18488 0.0245024 86112 0.0502834 429 
0.361509 0.249948 0.904098 33.7343 19.3301 0.0153145 0.213523 35913 0.0178208 163633 0.0342229 340 
0.379499 0.23374 1.16789 14.4899 14.0597 0.0635391 4.33412 2586 0.91686 23985 0.963561 299 
0.373327 0.249324 0.872744 14.5086 19.5375 0.278649 0.594006 7771 0.301248 46226 0.475685 280 
0.373726 0.250478 1.0079 16.1752 16.9654 2.39694 1.79736 41272 0.0660739 198919 0.129078 366 
0.38084 0.250061 0.941249 21.8099 17.7679 0.320628 0.383266 26348 0.0331714 122796 0.0699371 349 
0.382646 0.24953 1.12682 18.6855 14.6286 0.951399 0.487923 15885 0.0216556 72871 0.0468911 422 
0.384076 0.251269 1.1166 11.7256 17.0229 8.12565 0.326292 44936 0.013063 206158 0.0285267 418 
0.38966 0.250576 0.920774 20.2406 17.1469 0.369722 0.32298 17942 0.0368409 84564 0.0809801 339 
0.374004 0.249914 0.933698 29.4565 13.6493 0.373735 0.610385 71606 0.00375667 322082 0.00787688 354 
0.380144 0.249688 0.963785 27.4591 13.9062 1.21064 0.725186 148696 0.00253537 667166 0.00552936 366 
0.369853 0.251737 0.928564 24.2195 18.8347 0.0401887 0.257489 8870 0.0832018 43616 0.155654 333 
0.369825 0.250729 0.839557 30.647 21.0025 0.00963677 0.445921 19023 0.149714 99004 0.264585 291 
0.366702 0.253113 1.02403 17.7803 16.7949 0.203299 0.230342 5373 0.0552764 25859 0.103678 372 
0.374586 0.250473 1.05852 22.8377 14.5247 0.554549 2.99517 27514 0.0670204 132824 0.131392 384 
0.323722 0.249579 0.885492 30.7904 11.8831 0.525896 0.276426 88983 0.000449524 397889 0.000701201 337 
0.374717 0.251123 1.19241 26.6836 13.693 0.0860545 2.41856 9770 0.111771 49498 0.208958 420 
0.380886 0.251412 0.9833 20.7652 20.3212 0.143486 0.0967715 18063 0.0323313 84742 0.067735 363 
0.383161 0.252423 0.875112 29.3861 21.3496 0.00311602 0.0297296 4779 0.0579619 23232 0.118802 316 
0.384464 0.249925 0.979452 18.8395 17.9395 2.4131 0.295716 95560 0.00796358 432311 0.0176771 370 
0.378068 0.251202 0.923831 26.5811 16.6162 0.109738 0.357647 23047 0.0219551 106643 0.0458539 344 
0.372676 0.251085 0.957246 24.478 16.6364 0.0689394 0.350184 8818 0.0525062 42021 0.103091 350 
0.385887 0.249799 0.933838 31.6757 20.8997 0.015018 0.028387 30624 0.00764107 138404 0.0171238 353 
0.409022 0.249848 0.902221 35.2399 19.4437 0.0423024 0.00316425 145325 0.000151385 650865 0.000393323 343 
0.363396 0.24945 0.840714 29.3637 23.9311 0.0145712 0.0347494 35261 0.0162219 160015 0.0316345 317 
0.375042 0.254777 0.854967 23.0656 21.4626 0.00391554 0.0425109 1654 0.214631 9360 0.359936 282 
0.379573 0.249479 0.992933 21.5363 15.2662 0.407549 0.344293 16169 0.0184303 73813 0.0393698 373 
0.372025 0.249302 0.757065 29.0134 16.5674 0.0668316 0.232574 23381 0.0127026 105791 0.0261648 286 
0.378616 0.250523 0.999867 21.362 19.4942 0.0734753 0.196985 9010 0.0926748 44849 0.180517 356 
0.377291 0.250068 0.843235 15.1382 19.7757 0.524697 0.0683334 13305 0.0236753 61271 0.0494524 315 
0.37172 0.242777 0.906706 27.0879 17.8106 0.00640611 0.0703455 1572 0.0903308 7458 0.177125 333 
0.36836 0.246264 0.92769 31.7796 18.9204 0.00920281 0.331057 10840 0.0881919 52031 0.167516 338 
0.379422 0.249589 0.890755 25.4305 16.5625 0.647249 0.272519 92788 0.00414924 416853 0.00899838 338 
0.375676 0.250606 0.944697 31.2114 19.3675 0.0333464 0.0493936 42741 0.00444538 193205 0.00936829 357 
0.368637 0.249262 1.132 17.6054 11.9071 7.12086 0.311043 44807 0.00151762 200241 0.00310126 431 
0.370293 0.251112 0.938668 18.6062 20.0315 0.0558366 0.230865 4675 0.222032 25983 0.368472 313 
