r_hat,r1_hat,r2_hat,u_hat,t1_hat,t2_hat,tau1_hat,tau2_hat,m1,m2,m1_obs,m2_obs,gamma,alpha1,alpha2,beta1,beta2,M1,M2,cells[0],cells[1],cells[2],WBC1[0],WBC1[1],WBC1[2]
0.069820,0.088883,0.139729,1.053574,37.155886,70.673575,66.500916,50.399591,43.000000,68.000000,51.000000,82.000000,1012.000000,0.079957,0.247887,0.065305,0.559740,4615.000000,33428.000000,12534.000000,2183.000000,18711.000000,3102.000000,369.000000,1144.000000
0.068659,0.089459,0.136428,0.913725,58.864585,62.713091,86.312053,51.331480,56.000000,61.000000,64.000000,64.000000,944.000000,0.314469,0.153331,0.297274,0.370838,7174.000000,45416.000000,15073.000000,13501.000000,16842.000000,3818.000000,2256.000000,1100.000000
0.072638,0.085451,0.138342,1.230726,34.611522,56.148777,77.362358,50.039971,52.000000,75.000000,57.000000,78.000000,1301.000000,0.104237,0.142396,0.094985,0.373713,7128.000000,43207.000000,22956.000000,4104.000000,16147.000000,5370.000000,743.000000,1015.000000
0.072145,0.095953,0.138824,0.930713,54.044993,64.784447,76.062333,56.231662,49.000000,65.000000,60.000000,67.000000,827.000000,0.189123,0.314267,0.152724,0.598174,7815.000000,65949.000000,16428.000000,10072.000000,39449.000000,3881.000000,1478.000000,2456.000000
0.073113,0.087317,0.140217,1.018699,71.005632,58.638340,69.786368,58.502415,67.000000,65.000000,84.000000,67.000000,739.000000,0.090593,0.746830,0.038318,0.909923,4890.000000,66288.000000,3431.000000,2540.000000,60317.000000,795.000000,443.000000,3652.000000
0.069234,0.090155,0.139641,0.905068,48.572058,59.132127,91.961205,58.506577,47.000000,59.000000,54.000000,60.000000,769.000000,0.405389,0.359227,0.265520,0.633023,9835.000000,91123.000000,9245.000000,24195.000000,57683.000000,2315.000000,3987.000000,3533.000000
0.070232,0.088575,0.138746,0.909911,54.650568,91.703340,85.539376,57.493012,50.000000,83.000000,60.000000,90.000000,863.000000,0.170005,0.253701,0.134783,0.548631,11482.000000,85152.000000,26958.000000,11477.000000,46717.000000,6617.000000,1952.000000,2913.000000
0.069579,0.089095,0.140618,0.998810,53.853479,73.985056,78.291959,56.829638,62.000000,79.000000,65.000000,81.000000,950.000000,0.091266,0.252047,0.073479,0.568671,11724.000000,86514.000000,30959.000000,6357.000000,49198.000000,7699.000000,1070.000000,2955.000000
0.071111,0.090566,0.133764,1.131375,46.410553,78.260533,99.219821,41.096043,63.000000,79.000000,65.000000,97.000000,1273.000000,0.563470,0.017207,0.634212,0.045950,14180.000000,77083.000000,24654.000000,48887.000000,3542.000000,5946.000000,7990.000000,244.000000
0.068675,0.092411,0.142547,1.044649,56.186977,77.223576,75.277927,39.351744,60.000000,80.000000,70.000000,88.000000,1185.000000,0.244641,0.063607,0.288384,0.204369,4292.000000,23115.000000,11725.000000,6666.000000,4724.000000,2969.000000,1050.000000,273.000000
0.069588,0.099209,0.137561,0.975192,80.158854,76.816477,56.467920,55.462491,52.000000,79.000000,88.000000,82.000000,1047.000000,0.020762,0.157665,0.025487,0.416790,13053.000000,77334.000000,43131.000000,1971.000000,32232.000000,10724.000000,271.000000,2058.000000
0.071151,0.093484,0.143283,1.097478,42.151398,71.382280,80.656716,49.125153,56.000000,81.000000,58.000000,86.000000,1158.000000,0.184763,0.111918,0.197033,0.323127,10186.000000,61954.000000,29728.000000,12207.000000,20019.000000,7164.000000,1882.000000,1140.000000
0.067899,0.090794,0.138845,0.895252,49.304308,84.392036,93.431119,58.841980,48.000000,76.000000,54.000000,82.000000,891.000000,0.259186,0.189508,0.234901,0.449018,18643.000000,126436.000000,39964.000000,29700.000000,56772.000000,10278.000000,4832.000000,3533.000000
0.070116,0.094073,0.140434,0.967389,35.886985,68.340077,75.116480,57.928054,43.000000,72.000000,45.000000,73.000000,967.000000,0.068167,0.198453,0.066574,0.489852,17193.000000,115541.000000,51251.000000,7692.000000,56598.000000,12609.000000,1172.000000,3412.000000
0.071373,0.096878,0.139045,0.959536,38.659760,64.717828,72.763989,55.912921,45.000000,60.000000,47.000000,69.000000,906.000000,0.120464,0.248771,0.111813,0.536654,9563.000000,71521.000000,25142.000000,7997.000000,38382.000000,6032.000000,1152.000000,2379.000000
0.070618,0.089664,0.137020,0.874112,62.064375,65.918940,72.372545,57.142168,52.000000,63.000000,64.000000,64.000000,953.000000,0.036446,0.139249,0.038018,0.374505,18054.000000,104004.000000,61100.000000,3954.000000,38950.000000,14882.000000,658.000000,2514.000000
0.070332,0.087493,0.140600,1.007730,54.064290,45.481084,90.223500,59.681226,60.000000,52.000000,66.000000,53.000000,909.000000,0.183542,0.301773,0.129111,0.614024,14607.000000,119479.000000,30690.000000,15426.000000,73363.000000,7518.000000,2681.000000,4408.000000
0.071187,0.086616,0.135221,0.933202,32.389491,64.400504,89.317696,45.030395,39.000000,57.000000,41.000000,67.000000,1143.000000,0.164452,0.031670,0.196101,0.099830,13925.000000,66022.000000,46484.000000,12947.000000,6591.000000,11194.000000,2290.000000,441.000000
0.070701,0.096184,0.140796,1.063419,52.607623,62.484398,33.873458,58.649661,39.000000,72.000000,67.000000,74.000000,1014.000000,0.001724,0.255820,0.001609,0.582380,15077.000000,110658.000000,46035.000000,178.000000,64445.000000,11194.000000,26.000000,3857.000000
0.070304,0.091261,0.138913,1.064534,56.677652,79.224028,79.687862,41.502254,67.000000,79.000000,72.000000,92.000000,1296.000000,0.149037,0.033016,0.192913,0.110838,9662.000000,46311.000000,32244.000000,8934.000000,5133.000000,7903.000000,1440.000000,319.000000
0.071615,0.089499,0.141120,0.910622,60.206425,96.139950,72.438007,56.187233,58.000000,90.000000,65.000000,94.000000,970.000000,0.032423,0.137673,0.032444,0.386819,20171.000000,120731.000000,70113.000000,3917.000000,46701.000000,16740.000000,654.000000,2777.000000
0.066542,0.090758,0.135456,0.990605,47.531799,79.433167,85.090573,30.468395,42.000000,56.000000,58.000000,86.000000,1265.000000,0.254851,0.006995,0.350680,0.023530,8864.000000,39566.000000,24760.000000,13875.000000,931.000000,6543.000000,2259.000000,62.000000
0.070450,0.101253,0.135705,1.069377,50.906757,67.440960,52.128102,48.532992,54.000000,71.000000,65.000000,80.000000,1347.000000,0.010277,0.038014,0.017128,0.126197,19072.000000,86698.000000,74272.000000,1485.000000,10941.000000,18151.000000,196.000000,725.000000
0.070770,0.093752,0.139873,1.092506,33.269197,54.177535,77.293283,59.060903,45.000000,66.000000,48.000000,67.000000,1122.000000,0.062721,0.173007,0.063965,0.443810,22369.000000,143032.000000,70404.000000,9149.000000,63479.000000,17096.000000,1403.000000,3870.000000
0.069449,0.092675,0.139171,1.035876,38.443248,72.940014,76.036418,53.193943,44.000000,70.000000,51.000000,83.000000,1158.000000,0.076651,0.109473,0.088556,0.320532,14990.000000,82806.000000,48931.000000,7333.000000,26542.000000,12200.000000,1149.000000,1641.000000
0.068131,0.096375,0.139308,0.956221,45.050365,62.889143,70.765609,51.568380,46.000000,65.000000,53.000000,67.000000,892.000000,0.182325,0.262341,0.163210,0.554213,5024.000000,38570.000000,10899.000000,6295.000000,21376.000000,2790.000000,916.000000,1318.000000
0.066943,0.088053,0.143233,0.984418,55.687873,68.189679,79.386932,51.845175,57.000000,70.000000,66.000000,74.000000,819.000000,0.253324,0.391649,0.151972,0.708393,4287.000000,41580.000000,5806.000000,6319.000000,29455.000000,1522.000000,1086.000000,1679.000000
0.070769,0.090206,0.142762,1.141827,23.945909,49.921682,81.648003,55.751896,38.000000,60.000000,40.000000,65.000000,1162.000000,0.091393,0.165548,0.085516,0.443155,17288.000000,112236.000000,52900.000000,9598.000000,49738.000000,12846.000000,1580.000000,2862.000000
0.064602,0.086298,0.137865,0.883418,48.406558,53.872766,81.306533,51.541700,44.000000,52.000000,53.000000,54.000000,782.000000,0.321511,0.351499,0.211622,0.648919,3468.000000,29600.000000,4128.000000,6264.000000,19208.000000,1134.000000,1115.000000,1219.000000
0.065296,0.088138,0.132547,0.923998,42.766758,79.035762,91.364144,41.125290,40.000000,67.000000,50.000000,80.000000,999.000000,0.732230,0.054300,0.732667,0.132066,4291.000000,24995.000000,3381.000000,18313.000000,3301.000000,916.000000,3142.000000,233.000000
0.070822,0.089640,0.147361,1.041640,40.685580,54.655517,100.056230,42.307039,52.000000,56.000000,54.000000,64.000000,1242.000000,0.288739,0.018744,0.350617,0.072204,27208.000000,134577.000000,77675.000000,47185.000000,9717.000000,18842.000000,7856.000000,510.000000
0.070647,0.088692,0.123623,0.961737,51.112220,80.292650,70.225962,37.332319,54.000000,66.000000,60.000000,85.000000,1279.000000,0.020829,0.004149,0.029386,0.011772,24341.000000,101681.000000,97496.000000,2988.000000,1197.000000,23733.000000,507.000000,101.000000
0.069242,0.094147,0.138795,0.922786,56.566160,69.736006,82.438123,62.571367,57.000000,69.000000,62.000000,71.000000,926.000000,0.081624,0.205486,0.080284,0.493622,28766.000000,192230.000000,81908.000000,15433.000000,94889.000000,20507.000000,2348.000000,5911.000000
0.069630,0.089288,0.139004,0.793869,58.081237,89.799319,107.145980,45.380790,54.000000,68.000000,55.000000,77.000000,935.000000,0.425533,0.016356,0.502741,0.052231,33565.000000,169441.000000,75406.000000,85185.000000,8850.000000,18733.000000,14283.000000,549.000000
0.071169,0.090661,0.139563,0.978168,42.130466,55.196258,82.901400,65.551682,48.000000,57.000000,52.000000,61.000000,763.000000,0.111078,0.568448,0.060377,0.821663,16538.000000,186512.000000,22001.000000,11261.000000,153250.000000,5300.000000,1837.000000,9401.000000
0.069970,0.091101,0.137971,1.030043,39.506489,57.797908,78.396926,43.533488,50.000000,60.000000,52.000000,67.000000,1318.000000,0.064907,0.020848,0.090491,0.074215,19474.000000,86384.000000,72156.000000,7817.000000,6411.000000,17804.000000,1264.000000,406.000000
0.070757,0.093230,0.119298,1.092439,38.704506,74.917466,72.312503,26.282799,51.000000,71.000000,54.000000,91.000000,1369.000000,0.181955,0.004941,0.256632,0.011738,4655.000000,21299.000000,15583.000000,5466.000000,250.000000,3785.000000,847.000000,23.000000
0.067824,0.092988,0.139799,0.780581,63.549557,76.118191,78.675485,57.889050,48.000000,64.000000,58.000000,65.000000,790.000000,0.091036,0.197990,0.088747,0.492245,16521.000000,108838.000000,45604.000000,9659.000000,53575.000000,11746.000000,1504.000000,3271.000000
0.069254,0.087057,0.141149,1.093663,55.261353,66.978312,77.399713,46.582384,51.000000,74.000000,73.000000,81.000000,1333.000000,0.063245,0.053728,0.075268,0.188639,13345.000000,63958.000000,47079.000000,4814.000000,12065.000000,11784.000000,844.000000,717.000000
0.072087,0.083521,0.140254,1.147526,42.056285,56.485191,72.405234,54.970135,51.000000,69.000000,62.000000,73.000000,960.000000,0.081268,0.428434,0.045054,0.738696,5205.000000,49896.000000,10790.000000,2248.000000,36858.000000,2552.000000,423.000000,2230.000000
0.069224,0.091196,0.136471,0.844652,49.414523,66.075416,72.951069,46.861828,47.000000,61.000000,51.000000,62.000000,1095.000000,0.032878,0.025412,0.046798,0.089453,23572.000000,102612.000000,88631.000000,4802.000000,9179.000000,22198.000000,775.000000,599.000000
0.071311,0.089944,0.139645,0.895957,44.688260,76.548349,86.318708,57.402791,47.000000,71.000000,50.000000,75.000000,714.000000,0.372704,0.479576,0.210532,0.731985,6316.000000,67567.000000,3884.000000,14225.000000,49458.000000,933.000000,2354.000000,3029.000000
0.069984,0.089959,0.140420,0.971175,47.575601,99.965266,68.394904,22.632502,48.000000,66.000000,57.000000,104.000000,1307.000000,0.019967,0.001020,0.029391,0.004117,23539.000000,96661.000000,93422.000000,2841.000000,398.000000,23045.000000,470.000000,24.000000
0.070312,0.087815,0.137848,1.000450,56.581887,70.710585,73.255410,58.524234,50.000000,74.000000,68.000000,78.000000,1156.000000,0.018575,0.095234,0.020591,0.287166,33486.000000,174927.000000,121092.000000,3602.000000,50233.000000,29675.000000,622.000000,3189.000000
0.070019,0.089856,0.144406,0.999393,38.901437,63.117605,82.623150,51.202119,49.000000,67.000000,50.000000,70.000000,1194.000000,0.057270,0.055561,0.069899,0.201897,29265.000000,144638.000000,105326.000000,10110.000000,29202.000000,25963.000000,1676.000000,1626.000000
0.068139,0.089066,0.138982,0.935773,45.410102,75.089780,97.806562,42.024303,49.000000,73.000000,53.000000,77.000000,1122.000000,0.369755,0.020951,0.446819,0.068706,16419.000000,80677.000000,39086.000000,36048.000000,5543.000000,10004.000000,6071.000000,344.000000
0.070524,0.091011,0.138313,0.957637,42.268441,75.264734,87.996675,51.828660,49.000000,61.000000,51.000000,79.000000,1176.000000,0.087901,0.037943,0.114768,0.127591,34209.000000,161744.000000,122544.000000,18563.000000,20637.000000,29904.000000,3007.000000,1298.000000
0.070121,0.084753,0.140156,1.002375,71.004295,77.663673,71.898140,47.365523,57.000000,76.000000,83.000000,85.000000,1163.000000,0.049140,0.084748,0.051608,0.269548,9015.000000,46756.000000,31740.000000,2413.000000,12603.000000,7808.000000,443.000000,764.000000
0.071253,0.090603,0.129995,0.922354,91.960152,83.378683,46.073269,42.951606,57.000000,70.000000,95.000000,84.000000,1103.000000,0.019415,0.079450,0.024086,0.216715,3348.000000,16524.000000,12545.000000,398.000000,3581.000000,3017.000000,65.000000,266.000000
0.070657,0.086458,0.138951,0.964292,62.062858,76.802699,79.734288,53.181175,43.000000,72.000000,71.000000,81.000000,1165.000000,0.035104,0.057640,0.040760,0.191230,28088.000000,136333.000000,104705.000000,5557.000000,26071.000000,25483.000000,986.000000,1619.000000
0.069349,0.092034,0.138856,0.903915,52.193478,65.813967,86.481780,52.134880,52.000000,65.000000,57.000000,66.000000,1021.000000,0.174056,0.084717,0.202148,0.250978,16443.000000,89207.000000,48785.000000,18033.000000,22389.000000,12188.000000,2862.000000,1393.000000
0.070886,0.089447,0.135767,0.986736,78.003042,71.682914,72.394454,53.378886,64.000000,73.000000,88.000000,78.000000,1233.000000,0.018445,0.039902,0.023990,0.131065,35186.000000,161859.000000,136762.000000,3883.000000,21214.000000,33133.000000,649.000000,1404.000000
0.067398,0.089157,0.142478,1.015194,53.796066,72.769104,79.918334,55.899909,55.000000,79.000000,66.000000,81.000000,800.000000,0.214978,0.497579,0.116428,0.782827,5782.000000,63507.000000,6398.000000,7394.000000,49715.000000,1662.000000,1243.000000,2877.000000
0.069755,0.090031,0.139898,1.157617,31.221021,58.504065,82.153396,52.217782,41.000000,67.000000,49.000000,76.000000,1442.000000,0.044510,0.040632,0.058218,0.144084,36621.000000,169485.000000,135198.000000,9867.000000,24420.000000,33503.000000,1630.000000,1488.000000
0.068431,0.095575,0.142703,0.993569,46.905948,74.516735,75.523864,47.707119,55.000000,80.000000,57.000000,81.000000,904.000000,0.350103,0.232290,0.294465,0.501436,3896.000000,31328.000000,6394.000000,9225.000000,15709.000000,1627.000000,1364.000000,905.000000
0.070006,0.089275,0.141698,0.917411,49.839971,75.784573,83.019570,43.391245,48.000000,52.000000,56.000000,76.000000,1178.000000,0.063745,0.018026,0.086170,0.069526,25963.000000,114518.000000,96688.000000,9868.000000,7962.000000,23840.000000,1655.000000,468.000000
0.069986,0.091243,0.140011,1.006088,72.532015,64.422044,71.922391,63.256751,51.000000,71.000000,84.000000,72.000000,797.000000,0.054545,0.540909,0.031106,0.818090,12980.000000,141163.000000,21288.000000,4391.000000,115484.000000,5251.000000,708.000000,7021.000000
0.071383,0.090958,0.134434,0.955502,51.800129,78.380156,74.931791,46.633408,52.000000,72.000000,60.000000,82.000000,1175.000000,0.067316,0.038973,0.088055,0.121624,13548.000000,63869.000000,50477.000000,5624.000000,7768.000000,12108.000000,912.000000,528.000000
0.070585,0.089429,0.140162,1.083801,56.173470,74.061096,52.040846,52.110047,57.000000,81.000000,73.000000,88.000000,1166.000000,0.010090,0.142802,0.010243,0.399863,10406.000000,61311.000000,36167.000000,628.000000,24516.000000,8815.000000,105.000000,1486.000000
0.069410,0.094424,0.136172,1.069659,62.329944,55.293118,63.020142,47.698985,56.000000,59.000000,78.000000,67.000000,1358.000000,0.022265,0.038383,0.032728,0.130034,17247.000000,77549.000000,64927.000000,2538.000000,10084.000000,16201.000000,384.000000,662.000000
0.069172,0.084792,0.140809,0.963752,41.124546,58.267674,79.411096,52.855166,48.000000,60.000000,51.000000,63.000000,1071.000000,0.058244,0.118361,0.056901,0.354516,14422.000000,80473.000000,47365.000000,4579.000000,28529.000000,11875.000000,840.000000,1707.000000
0.068962,0.091072,0.141476,0.953427,79.220588,72.644107,69.887204,51.051638,58.000000,70.000000,86.000000,76.000000,883.000000,0.115922,0.273344,0.092188,0.595692,5012.000000,38953.000000,12158.000000,3591.000000,23204.000000,3061.000000,581.000000,1370.000000
0.071363,0.088737,0.138246,0.959966,55.399763,84.436397,91.193533,60.501353,57.000000,85.000000,64.000000,88.000000,926.000000,0.175838,0.230757,0.144582,0.510718,18591.000000,133371.000000,45973.000000,19283.000000,68115.000000,11032.000000,3269.000000,4290.000000
0.070046,0.091491,0.138310,1.012331,52.290402,56.978100,81.767215,52.402384,57.000000,63.000000,64.000000,65.000000,1209.000000,0.076993,0.060978,0.096980,0.195916,23041.000000,114013.000000,80619.000000,11057.000000,22337.000000,19862.000000,1774.000000,1405.000000
0.069895,0.092621,0.138828,0.890122,48.745748,78.178390,66.588562,52.419266,38.000000,72.000000,53.000000,76.000000,1089.000000,0.018466,0.056018,0.024718,0.188930,25831.000000,123030.000000,96745.000000,3041.000000,23244.000000,23907.000000,477.000000,1447.000000
0.070163,0.096395,0.139221,1.018791,109.375697,70.360029,21.572183,52.930031,58.000000,75.000000,122.000000,79.000000,1275.000000,0.000218,0.043252,0.000327,0.152452,36669.000000,168433.000000,142700.000000,55.000000,25678.000000,35075.000000,8.000000,1586.000000
0.068953,0.091373,0.151021,0.965192,56.399962,88.696243,75.186936,18.358932,54.000000,80.000000,65.000000,92.000000,1303.000000,0.048205,0.000801,0.073239,0.004012,19977.000000,81760.000000,75444.000000,5988.000000,328.000000,18998.000000,963.000000,16.000000
0.069394,0.091307,0.139370,1.108143,54.021459,65.017690,77.079840,49.692197,53.000000,69.000000,72.000000,80.000000,1414.000000,0.034508,0.030842,0.048050,0.112302,33007.000000,147201.000000,123597.000000,7073.000000,16531.000000,30850.000000,1139.000000,1018.000000
0.070574,0.097656,0.152027,1.103447,44.135004,65.016067,63.514329,16.345133,42.000000,57.000000,60.000000,79.000000,1450.000000,0.045463,0.001104,0.075339,0.005429,10866.000000,46231.000000,42497.000000,3483.000000,251.000000,10360.000000,494.000000,12.000000
0.069508,0.089576,0.138092,0.964505,64.522797,91.254613,72.925179,47.694059,59.000000,74.000000,73.000000,95.000000,1275.000000,0.014366,0.015161,0.020406,0.056826,47820.000000,201949.000000,186352.000000,4121.000000,11476.000000,46408.000000,687.000000,725.000000
0.067151,0.091117,0.142178,1.129495,35.948731,50.514409,69.927760,47.042092,40.000000,61.000000,53.000000,65.000000,924.000000,0.302013,0.414559,0.185447,0.706790,1937.000000,19515.000000,2103.000000,3619.000000,13793.000000,549.000000,585.000000,803.000000
0.070072,0.089856,0.142385,0.844242,48.095837,81.813869,108.474744,48.344128,49.000000,66.000000,50.000000,75.000000,867.000000,0.843608,0.048136,0.800295,0.130567,20276.000000,128930.000000,8914.000000,103182.000000,16834.000000,2195.000000,17105.000000,976.000000
0.070069,0.086916,0.134749,1.016717,60.294373,65.362057,61.242999,58.260126,52.000000,73.000000,73.000000,74.000000,1253.000000,0.004757,0.059572,0.005747,0.187311,43091.000000,202898.000000,163727.000000,1166.000000,38005.000000,40319.000000,205.000000,2567.000000
0.070507,0.089136,0.139746,0.810725,65.255913,86.587416,73.842669,56.399076,56.000000,74.000000,62.000000,76.000000,861.000000,0.041208,0.151133,0.040658,0.410321,17521.000000,105588.000000,57970.000000,4293.000000,43325.000000,14151.000000,722.000000,2648.000000
0.066579,0.109861,0.141106,1.075519,97.822719,60.787307,21.826583,48.538606,54.000000,70.000000,115.000000,73.000000,808.000000,0.007676,0.658060,0.005572,0.892328,1433.000000,17767.000000,1814.000000,99.000000,15854.000000,479.000000,11.000000,943.000000
0.070518,0.086408,0.143200,0.940574,63.912839,113.156174,67.112787,45.219435,67.000000,93.000000,71.000000,113.000000,1133.000000,0.027843,0.054759,0.032153,0.196895,11852.000000,57787.000000,44551.000000,1858.000000,11378.000000,10873.000000,330.000000,649.000000
0.070004,0.091585,0.144489,1.092998,46.720838,68.102095,70.517296,43.929794,46.000000,72.000000,63.000000,82.000000,1384.000000,0.030875,0.027633,0.042767,0.110265,20664.000000,93157.000000,78901.000000,3984.000000,10272.000000,19455.000000,638.000000,571.000000
0.070478,0.088852,0.141477,0.891301,43.721195,92.785735,102.897738,47.388889,48.000000,81.000000,49.000000,89.000000,1035.000000,0.364097,0.031789,0.416826,0.104258,25669.000000,132566.000000,63488.000000,55257.000000,13821.000000,15507.000000,9346.000000,816.000000
0.072281,0.087337,0.140936,0.850224,67.352827,89.349738,88.178042,61.827533,54.000000,76.000000,67.000000,82.000000,726.000000,0.136794,0.376539,0.085664,0.688813,16163.000000,148043.000000,33387.000000,12682.000000,101974.000000,7866.000000,2211.000000,6086.000000
0.070643,0.097505,0.138848,0.956482,59.792484,76.437711,43.274716,57.509908,39.000000,67.000000,67.000000,80.000000,1052.000000,0.003014,0.130157,0.003734,0.368668,22565.000000,128023.000000,80347.000000,478.000000,47198.000000,19560.000000,68.000000,2937.000000
0.070326,0.087926,0.143295,1.124399,51.771691,72.174802,71.015867,40.959442,65.000000,71.000000,71.000000,89.000000,1470.000000,0.018887,0.012983,0.025556,0.053165,27267.000000,116957.000000,107750.000000,2989.000000,6218.000000,26398.000000,515.000000,354.000000
0.068990,0.088961,0.144568,0.879243,61.548984,92.031584,76.414909,40.237843,51.000000,75.000000,64.000000,87.000000,1158.000000,0.038048,0.014268,0.053061,0.060507,23549.000000,100054.000000,88691.000000,5309.000000,6054.000000,22317.000000,896.000000,336.000000
0.070027,0.088846,0.139965,0.917735,37.778347,65.861174,84.290165,58.205403,40.000000,66.000000,45.000000,67.000000,1110.000000,0.030742,0.059351,0.037479,0.201144,58162.000000,282022.000000,214725.000000,10570.000000,56727.000000,52922.000000,1788.000000,3452.000000
0.070012,0.089751,0.137996,0.851734,49.910028,73.764646,91.757674,54.542986,49.000000,67.000000,52.000000,69.000000,1091.000000,0.048109,0.023684,0.065390,0.084489,78406.000000,347240.000000,295196.000000,22706.000000,29338.000000,72777.000000,3772.000000,1857.000000
0.067851,0.084907,0.140235,1.047211,64.615787,59.713326,49.867617,59.502041,54.000000,67.000000,80.000000,70.000000,713.000000,0.016043,0.977912,0.005388,0.993169,4301.000000,69970.000000,101.000000,377.000000,69492.000000,26.000000,69.000000,4206.000000
0.071870,0.088235,0.141111,0.954192,48.403063,59.985862,78.276666,63.271830,45.000000,58.000000,57.000000,64.000000,718.000000,0.083626,0.631425,0.039689,0.862824,11946.000000,146994.000000,14330.000000,5834.000000,126830.000000,3404.000000,999.000000,7543.000000
0.070024,0.082867,0.139571,0.927099,86.088109,80.204475,64.866104,52.020130,51.000000,74.000000,91.000000,81.000000,1164.000000,0.006271,0.041313,0.007197,0.147373,34444.000000,157430.000000,133096.000000,1133.000000,23201.000000,32805.000000,216.000000,1423.000000
0.069636,0.083765,0.141780,0.949619,68.093982,80.350308,59.078901,44.388585,60.000000,82.000000,76.000000,83.000000,1237.000000,0.005707,0.021896,0.007057,0.086404,24708.000000,106696.000000,96724.000000,753.000000,9219.000000,24026.000000,141.000000,541.000000
0.069690,0.083842,0.141046,0.859065,45.111565,70.901860,78.084713,55.863381,43.000000,64.000000,49.000000,67.000000,1110.000000,0.006887,0.026106,0.008425,0.100261,101203.000000,442496.000000,394403.000000,3728.000000,44365.000000,97864.000000,697.000000,2642.000000
0.066276,0.092156,0.143771,1.207265,32.221409,61.794965,60.043769,53.640819,47.000000,76.000000,52.000000,83.000000,856.000000,0.084305,0.744752,0.037023,0.918238,3001.000000,43162.000000,1931.000000,1598.000000,39633.000000,513.000000,253.000000,2235.000000
0.069231,0.093372,0.140474,0.922250,44.589743,60.108163,78.960828,57.913608,47.000000,53.000000,51.000000,62.000000,822.000000,0.149175,0.319809,0.114998,0.632415,10672.000000,89593.000000,22630.000000,10303.000000,56660.000000,5667.000000,1592.000000,3413.000000
0.069195,0.093316,0.140827,0.953263,44.882209,68.429161,79.623486,49.465155,48.000000,62.000000,53.000000,72.000000,1193.000000,0.057950,0.036434,0.081481,0.132490,29094.000000,133761.000000,105140.000000,10899.000000,17722.000000,26348.000000,1686.000000,1060.000000
0.069840,0.094681,0.140691,0.963135,77.691708,62.456714,62.542130,59.923866,50.000000,66.000000,85.000000,67.000000,899.000000,0.022883,0.281350,0.019858,0.612769,16300.000000,124786.000000,45843.000000,2478.000000,76465.000000,11341.000000,373.000000,4586.000000
0.069746,0.094565,0.143538,0.941102,47.867414,92.916120,63.721745,38.438837,45.000000,76.000000,55.000000,94.000000,1269.000000,0.005714,0.003437,0.009246,0.014809,72453.000000,296784.000000,289645.000000,2744.000000,4395.000000,71790.000000,414.000000,249.000000
0.068344,0.089864,0.137842,0.971053,60.958706,68.951242,66.448079,45.026734,62.000000,73.000000,70.000000,74.000000,1058.000000,0.108708,0.137549,0.113484,0.374856,3606.000000,20840.000000,10663.000000,2365.000000,7812.000000,2718.000000,392.000000,496.000000
0.070150,0.090205,0.142613,1.135697,36.462027,78.398097,89.406892,38.910068,53.000000,72.000000,54.000000,97.000000,1199.000000,0.648126,0.052363,0.649403,0.149656,4908.000000,29755.000000,5979.000000,19323.000000,4453.000000,1470.000000,3181.000000,257.000000
0.071666,0.091116,0.142742,0.981395,55.257225,86.738468,85.570954,50.957526,57.000000,78.000000,65.000000,92.000000,828.000000,0.528683,0.313342,0.348815,0.580546,4602.000000,43149.000000,3048.000000,15051.000000,25050.000000,727.000000,2433.000000,1442.000000
0.069894,0.088724,0.130564,0.973224,56.544904,83.789563,89.465733,49.536629,62.000000,81.000000,66.000000,89.000000,1123.000000,0.291832,0.067097,0.329136,0.174730,9598.000000,50186.000000,24899.000000,16518.000000,8769.000000,6153.000000,2801.000000,644.000000
0.069022,0.080307,0.141790,0.945029,55.270479,63.844557,71.148976,58.629933,56.000000,66.000000,64.000000,67.000000,937.000000,0.016127,0.217000,0.011770,0.541631,18788.000000,128294.000000,57296.000000,1510.000000,69488.000000,14408.000000,303.000000,4077.000000
0.069282,0.088845,0.139370,0.973002,38.076245,61.683898,76.324860,58.889199,45.000000,65.000000,48.000000,67.000000,1046.000000,0.036158,0.150544,0.036171,0.413685,24365.000000,143984.000000,79212.000000,5208.000000,59564.000000,19816.000000,881.000000,3668.000000
0.070804,0.087909,0.139910,0.912014,39.062474,55.351643,92.789871,62.260884,39.000000,54.000000,46.000000,57.000000,885.000000,0.128865,0.224221,0.105391,0.518826,27067.000000,192018.000000,72157.000000,20237.000000,99624.000000,17510.000000,3488.000000,6069.000000
0.070537,0.089028,0.136833,0.893040,45.875877,71.075733,86.447072,63.649308,43.000000,69.000000,51.000000,70.000000,907.000000,0.073571,0.202622,0.066838,0.478880,29903.000000,195293.000000,88718.000000,13053.000000,93522.000000,21644.000000,2200.000000,6059.000000
0.069977,0.090748,0.141200,0.875057,47.262395,77.483759,72.236965,49.692856,39.000000,69.000000,51.000000,74.000000,1156.000000,0.007638,0.012115,0.011104,0.048308,92034.000000,388774.000000,365676.000000,4317.000000,18781.000000,90216.000000,703.000000,1115.000000
