0.134485 0.0758199 3.5918 71.6333 27.6942 0.0196769 0.321218 583 0.169811 3663 0.398034 3719 
0.137191 0.0699052 3.42541 57.8127 49.6175 0.0354488 0.106662 1629 0.431553 14677 0.744634 2955 
0.139908 0.070818 3.15404 73.0669 47.7555 0.0146132 0.159664 1983 0.458901 19360 0.771539 2619 
0.140294 0.0723045 3.02524 64.602 55.311 0.0184766 0.0490712 2309 0.355132 19887 0.682054 2661 
0.142551 0.0717436 3.04741 76.9909 43.1415 0.0291027 0.142351 2713 0.172503 17526 0.462113 3109 
0.139899 0.0750857 3.28756 58.5542 46.8792 0.0502442 0.157136 2627 0.301485 21236 0.612074 2980 
0.139538 0.0716642 2.84224 81.1441 50.3913 0.00321034 0.180754 2022 0.725025 26217 0.911088 2098 
0.144552 0.0713612 3.02361 64.8506 50.1304 0.0509881 0.136812 3943 0.336799 34817 0.687021 2625 
0.13886 0.067369 2.86016 62.0255 55.1279 0.100054 0.0605754 4897 0.188074 30101 0.491811 3012 
0.139464 0.0676296 3.1764 61.1461 50.6384 0.0640459 0.222271 3678 0.50571 37292 0.811461 2597 
0.137931 0.0715422 3.1516 79.3727 40.8641 0.0520802 0.183936 4336 0.0862546 22471 0.262605 3656 
0.144076 0.069328 3.15696 56.7281 50.2803 0.156847 0.0850087 4597 0.179682 29825 0.494116 3217 
0.140737 0.0682922 2.71602 91.2002 45.2604 0.0308631 0.190635 5830 0.135678 32949 0.400649 2999 
0.136772 0.0692529 2.71783 68.1163 64.314 0.0364556 0.022802 6164 0.17878 37212 0.456546 2888 
0.141768 0.0705318 2.85212 64.8227 59.9645 0.00441624 0.0780597 3125 0.86688 47857 0.964373 1980 
0.140023 0.0714247 2.98341 74.6439 58.0371 0.0190434 0.0923838 5712 0.390756 51241 0.716633 2575 
0.135198 0.0684125 2.94983 67.5231 56.1497 0.0704297 0.100394 6336 0.232165 41087 0.534841 3014 
0.141454 0.0706106 3.30066 65.9462 48.039 0.0601564 0.436553 5424 0.508481 57637 0.810122 2639 
0.140309 0.0696082 2.91638 69.3375 50.9048 0.0520736 0.293167 5870 0.450085 56704 0.770951 2434 
0.123279 0.0702383 3.38044 72.9428 28.1538 0.344765 0.283652 6028 0.012276 25131 0.0346584 4504 
0.138155 0.070707 2.79904 71.0029 56.9872 0.0488083 0.101395 7806 0.246861 54721 0.558122 2736 
0.141083 0.0731923 3.20551 72.7744 47.0004 0.0144644 0.361916 3213 0.605353 38166 0.856391 2446 
0.141912 0.072799 3.99455 53.7862 37.6355 0.635158 0.118992 6954 0.0251654 32063 0.0932539 4976 
0.141619 0.0718451 3.1472 59.347 54.089 0.0499612 0.223657 5759 0.581872 67052 0.848893 2421 
0.139224 0.0757228 3.03624 69.2277 51.6539 0.0102434 0.132508 2542 0.497246 26277 0.778856 2456 
0.139109 0.0691186 3.11664 50.245 52.4768 0.444384 0.109104 8953 0.129677 49801 0.376599 3472 
0.143922 0.0715094 3.02917 71.9512 43.1517 0.154793 0.285569 9117 0.108369 51548 0.340906 3334 
0.138087 0.0704622 2.73584 69.8826 60.6599 0.0536078 0.0926495 10431 0.27936 76887 0.599854 2605 
0.144224 0.069361 2.60784 85.4799 58.2953 0.0288298 0.0292567 9815 0.0926133 51923 0.313272 2991 
0.140121 0.0710955 3.34471 64.3195 50.7386 0.162478 0.318581 10939 0.254319 79671 0.575617 3202 
0.139546 0.0691207 2.66021 85.3078 53.1572 0.0479221 0.0710517 10790 0.0785913 53433 0.258623 3179 
0.150231 0.0718402 3.52656 64.5178 28.6917 0.783898 0.0564858 8859 0.00316063 37719 0.0149792 4627 
0.142644 0.0710678 2.76985 81.0811 56.9818 0.0224829 0.148098 9291 0.378646 84910 0.718337 2368 
0.139503 0.0716556 3.43423 67.6665 45.9501 0.22643 0.349907 12374 0.123242 70306 0.35317 3771 
0.140902 0.070143 3.29894 64.7442 44.0094 0.346763 0.0848407 10459 0.0283966 46300 0.107408 4227 
0.141423 0.0685521 3.22387 63.0311 48.0412 0.356957 0.303094 12467 0.153445 73944 0.437723 3460 
0.148092 0.0717642 3.30244 70.463 37.6482 0.308583 0.0707199 10194 0.0123602 44730 0.0544601 4249 
0.141399 0.0676002 2.80927 68.3921 58.1867 0.0340225 0.178556 7344 0.643519 90041 0.887618 2119 
0.138658 0.070056 3.4092 59.3724 43.2397 0.587959 0.152596 11556 0.0382485 52196 0.135566 4313 
0.141231 0.0696774 3.16359 80.7943 42.0467 0.15418 0.69818 13414 0.139779 78094 0.404666 3429 
0.140815 0.070628 2.69225 60.4999 62.7222 0.120562 0.0503938 12729 0.192631 83187 0.492685 2732 
0.141936 0.0697153 2.15796 101.854 68.5856 0.0062003 0.00429295 13378 0.038197 60617 0.144101 2725 
0.139353 0.0696322 2.90378 62.0442 54.5262 0.225075 0.132297 12726 0.148829 74350 0.413531 3142 
0.141347 0.0691455 3.16958 63.597 49.3038 0.366595 0.122718 13948 0.0661744 67517 0.230949 3841 
0.138266 0.0690459 2.62933 80.6227 62.7232 0.0333602 0.0901096 13411 0.283797 98669 0.612705 2508 
0.134227 0.0688357 3.379 60.3214 38.6338 0.894195 0.310223 12213 0.0338164 52801 0.1146 4403 
0.131128 0.069098 3.13784 69.4969 40.4618 0.332453 0.249923 9978 0.0384847 43498 0.121569 4066 
0.142245 0.0719066 2.82456 70.1501 59.0414 0.022596 0.187878 9266 0.632851 115192 0.875582 2116 
0.140125 0.0697773 2.98441 63.8994 55.6626 0.14258 0.302542 13849 0.380388 121490 0.714849 2605 
0.141437 0.0701501 2.84626 77.9537 53.1185 0.0908205 0.314997 16825 0.242437 120876 0.571106 2745 
0.136114 0.0687841 3.29622 66.0707 43.7084 0.601856 0.338607 17603 0.0541953 80408 0.180517 4146 
0.141728 0.0701867 2.57159 80.4389 67.4147 0.0361707 0.0205023 18596 0.109755 102129 0.340197 2883 
0.141118 0.0710316 3.36105 61.3447 47.8351 0.43151 0.305389 16026 0.115375 89783 0.346324 3722 
0.150111 0.0710489 3.5209 64.0588 36.2229 0.942172 0.0803272 16600 0.00740964 70710 0.0350163 4621 
0.137606 0.0686311 2.83121 74.3233 49.3359 0.21543 0.119483 15997 0.0481965 72163 0.167482 3590 
0.14043 0.0685329 2.79173 73.4741 51.7117 0.00726465 0.094215 1520 0.628947 18078 0.877143 2132 
0.139606 0.071571 2.8693 62.5403 59.6823 0.154055 0.193542 19311 0.298276 150684 0.623676 2651 
0.137639 0.0702532 3.75118 68.1775 31.1982 1.22874 0.580502 19137 0.0161467 81586 0.0594097 4925 
0.132554 0.069763 2.9715 69.5214 51.1618 0.0533993 0.027516 3653 0.0500958 16598 0.156224 3747 
0.133461 0.0699733 3.01952 97.1595 27.9562 0.197048 0.246302 17933 0.00429376 73482 0.0151193 4070 
0.140614 0.0699755 3.12214 64.3138 53.0313 0.104633 0.293756 9124 0.396537 82549 0.729651 2685 
0.140581 0.0715703 2.97699 72.8331 54.1911 0.0688012 0.559706 16635 0.487045 170499 0.790574 2418 
0.141072 0.0686885 2.44596 73.4523 74.0277 0.0420169 0.0246691 21347 0.28107 161430 0.624456 2299 
0.140597 0.0692341 2.63287 76.4463 63.5841 0.078116 0.0455199 20787 0.118824 114256 0.359771 2953 
0.138316 0.0705431 2.85463 62.8318 60.6054 0.203955 0.0810442 20050 0.127731 112416 0.362226 3162 
0.142265 0.0701238 3.179 64.0624 47.4506 0.564239 0.220586 21354 0.0620493 104222 0.218754 3829 
0.13971 0.0720237 3.39638 56.4394 47.1068 0.176144 0.619281 7437 0.430012 70186 0.744963 2863 
0.145768 0.07054 2.92078 64.696 53.1473 0.310139 0.156219 20398 0.12163 119234 0.384018 3154 
0.139301 0.0713803 3.11415 56.4021 52.8789 0.418109 0.289982 17595 0.187099 113009 0.472387 3190 
0.144658 0.0682689 2.78847 90.6317 50.844 0.0909206 0.0953592 21877 0.0471271 100268 0.185603 3500 
0.13988 0.0701548 3.07004 66.4657 41.5978 0.708403 0.289291 20497 0.0339562 91964 0.124157 3900 
0.142035 0.0693758 2.63496 87.8375 64.5331 0.0345568 0.00452859 19722 0.015465 82987 0.0629496 3492 
0.141447 0.0706864 2.98927 75.559 37.5068 0.508 0.14539 21464 0.00964406 90897 0.0385491 3940 
0.139321 0.070724 3.23597 61.7351 54.2054 0.062017 0.210761 6073 0.474395 59871 0.780645 2676 
0.137749 0.0699327 2.59345 83.7389 58.6432 0.0634912 0.262121 25292 0.242488 174005 0.554099 2562 
0.141641 0.0698356 3.23523 60.9413 44.917 0.871589 0.463709 22166 0.0855815 114161 0.282373 3771 
0.13285 0.0702436 3.2535 64.0879 42.0901 0.250032 0.209045 6595 0.0639879 31170 0.192974 4000 
0.136256 0.0704657 2.44661 81.7638 70.3847 0.0238435 0.0148346 16923 0.0940732 87043 0.279069 2854 
0.142019 0.0689778 3.20355 59.4475 53.3709 0.661007 0.0616521 23820 0.0356843 105817 0.137539 4100 
0.14139 0.0692221 2.54756 74.9668 64.0091 0.0763388 0.0432431 19221 0.135581 110400 0.399121 2784 
0.138457 0.0680181 2.81424 75.5707 65.0266 0.0765035 0.0145596 16861 0.0507087 76018 0.179339 3572 
0.141535 0.0699495 2.72711 73.9728 60.5644 0.0719086 0.0357751 13897 0.0960639 73528 0.307883 3127 
0.140543 0.0701681 2.77478 84.063 57.6541 0.0888592 0.0953263 28616 0.0783128 144571 0.257693 3272 
0.14074 0.0699728 2.63255 75.3244 67.1076 0.0190324 0.155943 19800 0.707424 257254 0.908732 1941 
0.139703 0.0699738 2.43187 87.8307 70.2505 0.0194632 0.0382093 22714 0.220261 153570 0.532565 2424 
0.139423 0.0714677 2.55172 73.9493 65.8056 0.0236211 0.0348307 9604 0.251041 69231 0.566119 2456 
0.140588 0.0706479 3.10633 62.7444 49.2378 0.731278 0.313434 30499 0.0741664 153638 0.244978 3668 
0.140766 0.0702689 3.62017 52.2855 39.1237 3.63524 0.286122 32368 0.0154783 138290 0.0604961 4746 
0.14147 0.067643 2.81542 68.9412 58.6103 0.0962144 0.166816 12650 0.371937 110415 0.721641 2465 
0.137694 0.070257 2.86177 83.2408 42.77 0.28465 0.149094 28737 0.0136062 121681 0.0504598 3774 
0.14199 0.0705449 3.23742 57.2058 50.9578 1.14397 0.0957649 34339 0.0272576 152957 0.104716 4130 
0.139571 0.0690998 2.88814 70.3939 56.0293 0.385115 0.126846 36939 0.0612632 175005 0.210828 3548 
0.138671 0.0707188 2.48598 85.7099 64.0825 0.0625144 0.0545836 38083 0.0747578 190548 0.239257 2948 
0.14274 0.0767998 3.61655 59.0793 37.1059 0.0252534 0.113684 690 0.230435 5229 0.528208 3382 
0.139692 0.0694938 3.07113 56.6615 53.1701 1.28308 0.0802517 39082 0.0247173 168799 0.0935314 4001 
0.141518 0.0709436 3.2032 66.61 48.6796 0.736676 0.163228 38156 0.0296677 172189 0.111441 4051 
0.140469 0.0694628 2.52184 70.9984 69.3247 0.024635 0.0153818 7923 0.234255 55149 0.55865 2475 
0.134649 0.069635 2.88518 76.4501 46.8371 0.520905 0.18398 40780 0.0183668 172220 0.0642608 3814 
0.140535 0.0706828 2.7246 92.7156 46.3061 0.0169254 0.0371139 4611 0.0383865 21170 0.13897 3409 
0.140401 0.0700771 3.67045 69.7074 28.3872 1.67441 0.406984 23261 0.0067065 96426 0.0268185 4909 
0.135998 0.0702966 2.82534 86.7947 43.9161 0.0752671 0.0443528 10604 0.0120709 44678 0.043489 3738 
0.138533 0.0698883 2.75506 88.2423 58.7088 0.107003 0.0450329 45291 0.0244419 196453 0.0899859 3578 
0.139314 0.0699324 2.78475 72.901 60.8436 0.263409 0.188655 49945 0.130143 281374 0.374711 3077 
0.137568 0.0700208 3.2104 64.3731 45.6139 1.09816 0.361571 36078 0.0386939 162568 0.13451 4068 
0.137204 0.0701312 2.86834 85.7968 44.1854 0.339351 0.158479 44519 0.0111413 186704 0.0413114 3807 
0.137447 0.0699826 2.82816 79.3533 57.8692 0.0979389 0.0375633 21507 0.0361743 96188 0.126388 3601 
0.145342 0.069905 3.44139 62.5683 37.6766 0.929625 0.164879 14966 0.0181077 64437 0.0769589 4490 
0.139872 0.0695329 3.13892 59.1154 46.1251 2.29475 0.0882871 50125 0.00798005 206331 0.0317984 4220 
0.139769 0.0709339 2.49805 74.9093 65.832 0.0476542 0.0834537 20470 0.289057 156983 0.616978 2329 
0.139331 0.0680678 2.92282 66.3819 57.6228 0.0356507 0.312355 9303 0.739224 121052 0.92181 2156 
0.140508 0.0702381 3.07776 66.3129 44.935 1.41659 0.325246 51187 0.0249673 224588 0.0945331 3966 
0.142108 0.0697027 2.60693 80.4222 63.6711 0.121122 0.0646791 43855 0.0882454 227567 0.291699 3025 
0.140638 0.0678363 2.76319 75.403 60.0697 0.0750274 0.0547344 12653 0.143523 72332 0.418169 3032 
0.139748 0.0695285 2.87797 65.8124 57.1669 0.430083 0.0969357 34023 0.0601064 161920 0.206645 3524 
0.142236 0.0701102 2.42991 78.1579 66.4575 0.172668 0.008227 63075 0.0116845 266025 0.0476421 3213 
0.142529 0.0698122 3.27509 73.8976 39.8849 1.54272 0.475033 63230 0.0155148 268455 0.0632098 4313 
0.13801 0.0728095 2.74271 90.1032 48.1783 0.00524587 0.182502 2720 0.375368 23423 0.688853 2414 
0.1418 0.0693961 2.84826 62.4639 55.4307 0.348714 0.199648 21608 0.168873 134159 0.463674 2976 
0.143451 0.0693702 2.36054 83.2625 59.6534 0.227955 0.0127605 66886 0.00692223 274145 0.029758 3183 
0.140813 0.0696205 2.29527 98.7681 67.7325 0.0440823 0.00625291 69134 0.00891023 286049 0.0359938 3075 
0.139993 0.0697572 2.89038 77.6207 57.1582 0.0622105 0.246682 16062 0.327606 130104 0.665006 2623 
0.138828 0.0691771 2.55235 79.7756 58.7412 0.12404 0.145988 29667 0.123369 162535 0.361725 2869 
0.136957 0.0696427 3.27923 60.7021 40.8568 0.785061 0.423219 14128 0.0588901 66408 0.193862 4047 
0.136567 0.0693321 3.15718 69.3282 46.1376 0.249654 0.387873 12341 0.125436 66954 0.354975 3570 
0.142375 0.0703052 2.59852 77.64 60.6889 0.304315 0.0532353 74551 0.0283698 332013 0.109851 3316 
0.135079 0.0694999 2.59541 89.3062 47.7404 0.286207 0.110517 56911 0.00908436 234118 0.0329108 3491 
0.141963 0.0709413 2.99542 75.0813 56.1629 0.0819914 0.123875 15309 0.165393 96103 0.45061 3107 
0.138649 0.0707749 2.93227 70.202 54.6074 0.560052 0.12654 56051 0.0316141 251913 0.11259 3719 
0.142166 0.0697837 2.65546 86.3585 54.5365 0.251672 0.0484035 67958 0.011669 284810 0.0478143 3527 
0.137857 0.0700343 2.69094 75.6168 62.6402 0.0234973 0.131015 10729 0.498462 106092 0.794179 2224 
