0.134485 0.0758199 3.5918 71.6333 28.1953 0.0189433 0.300282 583 0.169811 3663 0.398034 3719 
0.137191 0.0699052 3.42541 57.8127 48.7125 0.037764 0.120762 1629 0.431553 14677 0.744634 2955 
0.139908 0.070818 3.15404 73.0669 51.3826 0.0113029 0.0961214 1983 0.458901 19360 0.771539 2619 
0.140294 0.0723045 3.02524 64.602 54.9573 0.0189553 0.0515676 2309 0.355132 19887 0.682054 2661 
0.142551 0.0717436 3.04741 76.9909 44.0471 0.0272718 0.12511 2713 0.172503 17526 0.462113 3109 
0.139899 0.0750857 3.28756 58.5542 48.4396 0.0446891 0.126319 2627 0.301485 21236 0.612074 2980 
0.139538 0.0716642 2.84224 81.1441 52.6782 0.00272504 0.131371 2022 0.725025 26217 0.911088 2098 
0.144552 0.0713612 3.02361 64.8506 51.4434 0.0464276 0.113161 3943 0.336799 34817 0.687021 2625 
0.13886 0.067369 2.86016 62.0255 56.0439 0.0940663 0.0533401 4897 0.188074 30101 0.491811 3012 
0.139464 0.0676296 3.1764 61.1461 50.5754 0.0643192 0.224231 3678 0.50571 37292 0.811461 2597 
0.137931 0.0715422 3.1516 79.3727 40.3976 0.0538474 0.196158 4336 0.0862546 22471 0.262605 3656 
0.144076 0.069328 3.15696 56.7281 50.483 0.154658 0.0825617 4597 0.179682 29825 0.494116 3217 
0.140737 0.0682922 2.71602 91.2002 47.2302 0.0269785 0.144479 5830 0.135678 32949 0.400649 2999 
0.136772 0.0692529 2.71783 68.1163 65.0572 0.0346266 0.020598 6164 0.17878 37212 0.456546 2888 
0.141768 0.0705318 2.85212 64.8227 57.4927 0.00525738 0.110819 3125 0.86688 47857 0.964373 1980 
0.140023 0.0714247 2.98341 74.6439 57.6986 0.0195095 0.0968686 5712 0.390756 51241 0.716633 2575 
0.135198 0.0684125 2.94983 67.5231 54.7564 0.0774734 0.121204 6336 0.232165 41087 0.534841 3014 
0.141454 0.0706106 3.30066 65.9462 49.057 0.0559841 0.378007 5424 0.508481 57637 0.810122 2639 
0.140309 0.0696082 2.91638 69.3375 51.6249 0.0495278 0.264995 5870 0.450085 56704 0.770951 2434 
0.123279 0.0702383 3.38044 72.9428 29.3193 0.317665 0.245688 6028 0.012276 25131 0.0346584 4504 
0.138155 0.070707 2.79904 71.0029 55.1544 0.0555614 0.130612 7806 0.246861 54721 0.558122 2736 
0.141083 0.0731923 3.20551 72.7744 47.3904 0.0140574 0.342543 3213 0.605353 38166 0.856391 2446 
0.141912 0.072799 3.99455 53.7862 39.5431 0.552803 0.0907716 6954 0.0251654 32063 0.0932539 4976 
0.141619 0.0718451 3.1472 59.347 51.69 0.0593587 0.314144 5759 0.581872 67052 0.848893 2421 
0.139224 0.0757228 3.03624 69.2277 51.9998 0.0099786 0.126279 2542 0.497246 26277 0.778856 2456 
0.139109 0.0691186 3.11664 50.245 50.6222 0.505159 0.141216 8953 0.129677 49801 0.376599 3472 
0.143922 0.0715094 3.02917 71.9512 43.0361 0.156077 0.290358 9117 0.108369 51548 0.340906 3334 
0.138087 0.0704622 2.73584 69.8826 60.4186 0.0545269 0.0957878 10431 0.27936 76887 0.599854 2605 
0.144224 0.069361 2.60784 85.4799 57.7585 0.0299235 0.031612 9815 0.0926133 51923 0.313272 2991 
0.140121 0.0710955 3.34471 64.3195 49.6533 0.175511 0.370906 10939 0.254319 79671 0.575617 3202 
0.139546 0.0691207 2.66021 85.3078 54.642 0.0432477 0.0577547 10790 0.0785913 53433 0.258623 3179 
0.150231 0.0718402 3.52656 64.5178 29.2192 0.754752 0.0521828 8859 0.00316063 37719 0.0149792 4627 
0.142644 0.0710678 2.76985 81.0811 58.8556 0.0196798 0.113363 9291 0.378646 84910 0.718337 2368 
0.139503 0.0716556 3.43423 67.6665 43.6293 0.267396 0.483678 12374 0.123242 70306 0.35317 3771 
0.140902 0.070143 3.29894 64.7442 43.2667 0.365305 0.0941998 10459 0.0283966 46300 0.107408 4227 
0.141423 0.0685521 3.22387 63.0311 47.9605 0.358936 0.306571 12467 0.153445 73944 0.437723 3460 
0.148092 0.0717642 3.30244 70.463 36.8367 0.327088 0.0797508 10194 0.0123602 44730 0.0544601 4249 
0.141399 0.0676002 2.80927 68.3921 58.621 0.0330382 0.167922 7344 0.643519 90041 0.887618 2119 
0.138658 0.070056 3.4092 59.3724 44.2048 0.549523 0.133485 11556 0.0382485 52196 0.135566 4313 
0.141231 0.0696774 3.16359 80.7943 38.7309 0.194253 1.11519 13414 0.139779 78094 0.404666 3429 
0.140815 0.070628 2.69225 60.4999 63.1717 0.116795 0.0473034 12729 0.192631 83187 0.492685 2732 
0.141936 0.0697153 2.15796 101.854 70.365 0.00547692 0.00333477 13378 0.038197 60617 0.144101 2725 
0.139353 0.0696322 2.90378 62.0442 56.5684 0.195241 0.0995305 12726 0.148829 74350 0.413531 3142 
0.141347 0.0691455 3.16958 63.597 51.0264 0.32543 0.0961974 13948 0.0661744 67517 0.230949 3841 
0.138266 0.0690459 2.62933 80.6227 64.6667 0.029171 0.0688763 13411 0.283797 98669 0.612705 2508 
0.134227 0.0688357 3.379 60.3214 39.2109 0.85937 0.2871 12213 0.0338164 52801 0.1146 4403 
0.131128 0.069098 3.13784 69.4969 41.2617 0.314576 0.225036 9978 0.0384847 43498 0.121569 4066 
0.142245 0.0719066 2.82456 70.1501 60.3159 0.0206172 0.156726 9266 0.632851 115192 0.875582 2116 
0.140125 0.0697773 2.98441 63.8994 55.1902 0.147359 0.323249 13849 0.380388 121490 0.714849 2605 
0.141437 0.0701501 2.84626 77.9537 56.9164 0.0695786 0.184084 16825 0.242437 120876 0.571106 2745 
0.136114 0.0687841 3.29622 66.0707 45.8381 0.519843 0.253397 17603 0.0541953 80408 0.180517 4146 
0.141728 0.0701867 2.57159 80.4389 66.8508 0.0376308 0.0222079 18596 0.109755 102129 0.340197 2883 
0.141118 0.0710316 3.36105 61.3447 46.3831 0.478388 0.374833 16026 0.115375 89783 0.346324 3722 
0.150111 0.0710489 3.5209 64.0588 35.7685 0.973088 0.0859979 16600 0.00740964 70710 0.0350163 4621 
0.137606 0.0686311 2.83121 74.3233 49.9258 0.206883 0.110168 15997 0.0481965 72163 0.167482 3590 
0.14043 0.0685329 2.79173 73.4741 50.5224 0.00788152 0.111339 1520 0.628947 18078 0.877143 2132 
0.139606 0.071571 2.8693 62.5403 64.2549 0.111057 0.102221 19311 0.298276 150684 0.623676 2651 
0.137639 0.0702532 3.75118 68.1775 30.8517 1.25902 0.608862 19137 0.0161467 81586 0.0594097 4925 
0.132554 0.069763 2.9715 69.5214 53.605 0.045031 0.0199038 3653 0.0500958 16598 0.156224 3747 
0.133461 0.0699733 3.01952 97.1595 29.122 0.181613 0.210814 17933 0.00429376 73482 0.0151193 4070 
0.140614 0.0699755 3.12214 64.3138 53.5726 0.100744 0.272227 9124 0.396537 82549 0.729651 2685 
0.140581 0.0715703 2.97699 72.8331 54.7655 0.0660301 0.516286 16635 0.487045 170499 0.790574 2418 
0.141072 0.0686885 2.44596 73.4523 75.7653 0.0372899 0.0193063 21347 0.28107 161430 0.624456 2299 
0.140597 0.0692341 2.63287 76.4463 66.5314 0.063697 0.030077 20787 0.118824 114256 0.359771 2953 
0.138316 0.0705431 2.85463 62.8318 63.4219 0.167205 0.0548954 20050 0.127731 112416 0.362226 3162 
0.142265 0.0701238 3.179 64.0624 48.2119 0.534909 0.197945 21354 0.0620493 104222 0.218754 3829 
0.13971 0.0720237 3.39638 56.4394 47.0449 0.176931 0.624654 7437 0.430012 70186 0.744963 2863 
0.145768 0.07054 2.92078 64.696 54.753 0.276926 0.123618 20398 0.12163 119234 0.384018 3154 
0.139301 0.0713803 3.11415 56.4021 53.8422 0.390324 0.253566 17595 0.187099 113009 0.472387 3190 
0.144658 0.0682689 2.78847 90.6317 51.3926 0.0875778 0.0880829 21877 0.0471271 100268 0.185603 3500 
0.13988 0.0701548 3.07004 66.4657 42.4578 0.66693 0.256505 20497 0.0339562 91964 0.124157 3900 
0.142035 0.0693758 2.63496 87.8375 65.4857 0.0323469 0.00395551 19722 0.015465 82987 0.0629496 3492 
0.141447 0.0706864 2.98927 75.559 36.8812 0.530967 0.158841 21464 0.00964406 90897 0.0385491 3940 
0.139321 0.070724 3.23597 61.7351 51.7641 0.0737047 0.296145 6073 0.474395 59871 0.780645 2676 
0.137749 0.0699327 2.59345 83.7389 58.3232 0.0649283 0.273935 25292 0.242488 174005 0.554099 2562 
0.141641 0.0698356 3.23523 60.9413 45.2013 0.85445 0.445403 22166 0.0855815 114161 0.282373 3771 
0.13285 0.0702436 3.2535 64.0879 39.9324 0.29095 0.278439 6595 0.0639879 31170 0.192974 4000 
0.136256 0.0704657 2.44661 81.7638 67.6544 0.0289019 0.02152 16923 0.0940732 87043 0.279069 2854 
0.142019 0.0689778 3.20355 59.4475 51.6572 0.74395 0.0786407 23820 0.0356843 105817 0.137539 4100 
0.14139 0.0692221 2.54756 74.9668 62.6745 0.0837274 0.0522238 19221 0.135581 110400 0.399121 2784 
0.138457 0.0680181 2.81424 75.5707 65.1119 0.076061 0.0143886 16861 0.0507087 76018 0.179339 3572 
0.141535 0.0699495 2.72711 73.9728 60.2564 0.0734747 0.0373692 13897 0.0960639 73528 0.307883 3127 
0.140543 0.0701681 2.77478 84.063 60.166 0.0744999 0.066972 28616 0.0783128 144571 0.257693 3272 
0.14074 0.0699728 2.63255 75.3244 66.3821 0.0200236 0.172708 19800 0.707424 257254 0.908732 1941 
0.139703 0.0699738 2.43187 87.8307 68.9059 0.0213834 0.0461054 22714 0.220261 153570 0.532565 2424 
0.139423 0.0714677 2.55172 73.9493 67.6279 0.0207367 0.027016 9604 0.251041 69231 0.566119 2456 
0.140588 0.0706479 3.10633 62.7444 50.5641 0.665868 0.260115 30499 0.0741664 153638 0.244978 3668 
0.140766 0.0702689 3.62017 52.2855 39.4772 3.54604 0.27223 32368 0.0154783 138290 0.0604961 4746 
0.14147 0.067643 2.81542 68.9412 60.4146 0.0851596 0.129235 12650 0.371937 110415 0.721641 2465 
0.137694 0.070257 2.86177 83.2408 43.0321 0.279457 0.14381 28737 0.0136062 121681 0.0504598 3774 
0.14199 0.0705449 3.23742 57.2058 53.2374 0.974035 0.0692843 34339 0.0272576 152957 0.104716 4130 
0.139571 0.0690998 2.88814 70.3939 53.9207 0.445522 0.170251 36939 0.0612632 175005 0.210828 3548 
0.138671 0.0707188 2.48598 85.7099 61.4276 0.0754257 0.0788771 38083 0.0747578 190548 0.239257 2948 
0.14274 0.0767998 3.61655 59.0793 38.9613 0.0218997 0.0872336 690 0.230435 5229 0.528208 3382 
0.139692 0.0694938 3.07113 56.6615 54.3325 1.1835 0.0682232 39082 0.0247173 168799 0.0935314 4001 
0.141518 0.0709436 3.2032 66.61 47.4121 0.805988 0.195296 38156 0.0296677 172189 0.111441 4051 
0.140469 0.0694628 2.52184 70.9984 69.7569 0.0239064 0.0144757 7923 0.234255 55149 0.55865 2475 
0.134649 0.069635 2.88518 76.4501 42.1546 0.721719 0.345616 40780 0.0183668 172220 0.0642608 3814 
0.140535 0.0706828 2.7246 92.7156 44.2984 0.019506 0.0492119 4611 0.0383865 21170 0.13897 3409 
0.140401 0.0700771 3.67045 69.7074 27.6625 1.76164 0.450575 23261 0.0067065 96426 0.0268185 4909 
0.135998 0.0702966 2.82534 86.7947 43.9125 0.0752859 0.0443742 10604 0.0120709 44678 0.043489 3738 
0.138533 0.0698883 2.75506 88.2423 60.9737 0.0913381 0.0329051 45291 0.0244419 196453 0.0899859 3578 
0.139314 0.0699324 2.78475 72.901 60.111 0.277254 0.208925 49945 0.130143 281374 0.374711 3077 
0.137568 0.0700208 3.2104 64.3731 47.5109 0.961566 0.278522 36078 0.0386939 162568 0.13451 4068 
0.137204 0.0701312 2.86834 85.7968 47.2185 0.274327 0.104529 44519 0.0111413 186704 0.0413114 3807 
0.137447 0.0699826 2.82816 79.3533 58.2759 0.0951912 0.0355215 21507 0.0361743 96188 0.126388 3601 
0.145342 0.069905 3.44139 62.5683 38.1096 0.90191 0.154823 14966 0.0181077 64437 0.0769589 4490 
0.139872 0.0695329 3.13892 59.1154 44.5577 2.55899 0.109929 50125 0.00798005 206331 0.0317984 4220 
0.139769 0.0709339 2.49805 74.9093 71.7406 0.0313386 0.0365416 20470 0.289057 156983 0.616978 2329 
0.139331 0.0680678 2.92282 66.3819 57.0412 0.0370904 0.338722 9303 0.739224 121052 0.92181 2156 
0.140508 0.0702381 3.07776 66.3129 44.9187 1.41821 0.325989 51187 0.0249673 224588 0.0945331 3966 
0.142108 0.0697027 2.60693 80.4222 63.9473 0.118813 0.0621897 43855 0.0882454 227567 0.291699 3025 
0.140638 0.0678363 2.76319 75.403 55.6183 0.101476 0.102363 12653 0.143523 72332 0.418169 3032 
0.139748 0.0695285 2.87797 65.8124 57.2746 0.426874 0.0954875 34023 0.0601064 161920 0.206645 3524 
0.142236 0.0701102 2.42991 78.1579 66.9514 0.166792 0.00766894 63075 0.0116845 266025 0.0476421 3213 
0.142529 0.0698122 3.27509 73.8976 40.4803 1.47991 0.436384 63230 0.0155148 268455 0.0632098 4313 
0.13801 0.0728095 2.74271 90.1032 46.8584 0.00577501 0.218966 2720 0.375368 23423 0.688853 2414 
0.1418 0.0693961 2.84826 62.4639 54.2159 0.379386 0.237177 21608 0.168873 134159 0.463674 2976 
0.143451 0.0693702 2.36054 83.2625 56.0653 0.292382 0.0213506 66886 0.00692223 274145 0.029758 3183 
0.140813 0.0696205 2.29527 98.7681 70.5339 0.0362711 0.00421467 69134 0.00891023 286049 0.0359938 3075 
0.139993 0.0697572 2.89038 77.6207 57.4799 0.0608298 0.235817 16062 0.327606 130104 0.665006 2623 
0.138828 0.0691771 2.55235 79.7756 63.0941 0.0917882 0.0797765 29667 0.123369 162535 0.361725 2869 
0.136957 0.0696427 3.27923 60.7021 40.1798 0.822961 0.464336 14128 0.0588901 66408 0.193862 4047 
0.136567 0.0693321 3.15718 69.3282 46.0457 0.251249 0.392769 12341 0.125436 66954 0.354975 3570 
0.142375 0.0703052 2.59852 77.64 58.0643 0.365982 0.0773542 74551 0.0283698 332013 0.109851 3316 
0.135079 0.0694999 2.59541 89.3062 47.4322 0.292404 0.115216 56911 0.00908436 234118 0.0329108 3491 
0.141963 0.0709413 2.99542 75.0813 56.8173 0.0782724 0.112887 15309 0.165393 96103 0.45061 3107 
0.138649 0.0707749 2.93227 70.202 56.1011 0.503867 0.102869 56051 0.0316141 251913 0.11259 3719 
0.142166 0.0697837 2.65546 86.3585 51.6933 0.306904 0.072514 67958 0.011669 284810 0.0478143 3527 
0.137857 0.0700343 2.69094 75.6168 62.2463 0.0241545 0.138326 10729 0.498462 106092 0.794179 2224 
