0.137407 0.070479 0.977807 74.5381 42.3613 0.0684204 0.0427851 3780 0.0277778 17342 0.101257 1253 
0.140536 0.0718162 1.10752 71.4383 45.3054 0.0608411 0.222272 4629 0.198963 32586 0.503989 1104 
0.139179 0.0686792 0.911072 79.526 50.8402 0.042844 0.221873 6711 0.281031 52430 0.623841 862 
0.142188 0.0689213 0.867032 94.4627 58.5603 0.0111246 0.042186 7367 0.166418 47841 0.472712 904 
0.140292 0.0694579 0.821984 79.2484 73.126 0.0103671 0.0110904 8149 0.276844 64503 0.62056 772 
0.130386 0.0683123 1.07582 72.2693 39.0369 0.228984 0.291501 7085 0.051235 32527 0.16162 1381 
0.154201 0.0687387 1.19117 79.1452 20.3631 0.520307 0.447172 7141 0.00938244 30531 0.0517834 1599 
0.142842 0.0714491 1.04135 67.9022 52.1368 0.0527812 0.0360586 4353 0.0994716 25054 0.323102 1161 
0.148832 0.0699122 0.931846 78.0589 46.583 0.0949433 0.0116094 8347 0.00958428 36347 0.0465238 1235 
0.137178 0.0685018 1.02597 67.7613 57.3086 0.0218872 0.092496 3430 0.510204 35972 0.809797 846 
0.141055 0.0701778 0.905246 71.3423 58.835 0.0476679 0.0982902 9104 0.307667 77048 0.655189 822 
0.141272 0.070032 0.993559 74.4465 53.2077 0.0802631 0.233974 11790 0.25827 91873 0.599991 940 
0.140755 0.0697355 1.00901 64.2525 45.6228 0.335289 0.314468 11598 0.118469 67316 0.365604 1121 
0.138242 0.0706311 0.94509 84.821 59.5839 0.0104624 0.115074 7128 0.441218 70450 0.759475 799 
0.141496 0.0700968 1.06279 55.0331 50.7378 0.372496 0.0503704 9285 0.0502962 45599 0.186254 1305 
0.137422 0.0705929 1.0259 71.6786 44.4825 0.101872 0.919203 8276 0.365031 72878 0.693474 915 
0.144682 0.0698502 0.956875 93.4149 29.9911 0.144781 0.109487 11543 0.00502469 49211 0.0228811 1286 
0.139208 0.0692515 1.02613 61.0339 48.81 0.471281 0.139965 14590 0.061549 72209 0.215804 1255 
0.140719 0.0692292 1.07541 79.3721 48.0712 0.0388006 0.0769736 4278 0.110799 24209 0.350448 1213 
0.134137 0.0689532 1.04432 68.1923 47.4251 0.340556 0.167705 15043 0.0481287 70181 0.16134 1326 
0.140468 0.0719936 0.905629 74.5921 58.5029 0.011245 0.11465 5290 0.571834 63775 0.844626 703 
0.136116 0.0691505 1.04005 63.8038 47.0842 0.0884943 0.266303 3925 0.302675 30645 0.631392 985 
0.137728 0.0704609 1.03369 86.5779 50.8998 0.0547674 0.359479 15409 0.187683 101751 0.478472 1068 
0.13945 0.0681764 1.13344 39.5895 49.4007 0.152663 1.04585 8326 0.883978 132262 0.970453 796 
0.140056 0.0696491 0.831719 68.6068 69.6007 0.068532 0.0327558 18915 0.211684 132872 0.532091 831 
0.139809 0.0673741 0.8858 59.4539 67.1448 0.070292 0.0301916 7859 0.328032 66307 0.68305 807 
0.142277 0.0706162 0.959134 55.5279 56.0183 0.278031 0.0836502 12079 0.140823 75572 0.415948 1020 
0.140447 0.0694818 0.968284 80.6641 54.4721 0.11679 0.242856 23741 0.153069 148233 0.43636 1032 
0.141315 0.0695432 0.937476 72.9257 50.3647 0.197068 0.149441 16301 0.0799951 86022 0.274662 1102 
0.143925 0.0695768 0.963199 85.4524 44.6915 0.177494 0.114851 22336 0.0222063 100409 0.0944238 1251 
0.139152 0.0712568 1.06711 82.7758 48.676 0.148977 0.147232 25374 0.0364546 121390 0.132078 1331 
0.139044 0.0692102 1.01142 63.0064 49.3266 0.762853 0.11246 26996 0.0285227 121688 0.109436 1312 
0.142119 0.0712333 1.04815 80.7374 45.2113 0.0187821 0.185331 2882 0.27932 23774 0.623707 963 
0.144072 0.0713932 1.00763 55.5817 47.6239 1.00346 0.254015 23957 0.0702509 128520 0.251066 1171 
0.141313 0.0683636 0.900935 56.1911 58.0023 0.091988 0.144928 7027 0.529529 80844 0.833927 713 
0.139783 0.0677343 0.938549 64.2328 57.0285 0.0608585 0.109991 5596 0.407434 53328 0.750713 807 
0.140861 0.07036 0.961905 61.5146 54.7452 0.531138 0.207338 30230 0.108766 173008 0.341158 1077 
0.140008 0.0693303 1.0613 62.5831 48.0763 0.887242 0.527768 30641 0.103097 169565 0.328629 1213 
0.136147 0.0733696 1.02829 66.5639 51.1748 0.0173658 0.0551579 1766 0.243488 13020 0.538249 1001 
0.140924 0.0687845 1.15864 65.4027 37.043 0.116254 0.208739 2216 0.123646 12880 0.382376 1287 
0.14295 0.0710405 1.25375 61.5987 29.8852 0.327879 0.514587 3325 0.077594 17992 0.268675 1450 
0.139348 0.0700328 0.902916 94.7158 40.6126 0.149122 0.290402 28410 0.0210489 127286 0.0817608 1175 
0.138733 0.0703403 1.00758 57.3029 52.9063 0.795293 0.15211 27994 0.0603344 140270 0.206922 1222 
0.140959 0.0710849 1.0856 61.992 50.1076 0.388817 0.329204 18529 0.147229 116920 0.41968 1149 
0.141201 0.0707293 1.01121 74.0087 47.8947 0.325507 0.345562 27674 0.0764978 147215 0.259946 1182 
0.141283 0.0772991 1.11647 58.3065 45.8718 0.0172658 0.533679 3167 0.778339 48058 0.928753 795 
0.141802 0.069813 0.93811 67.5661 49.4445 0.57519 0.188322 30551 0.0482145 148607 0.181398 1159 
0.140915 0.0768126 0.954049 69.4195 66.3618 0.00276158 0.0528062 5532 0.780007 83422 0.929551 681 
0.134825 0.0706169 1.03978 67.5988 46.4008 0.200086 0.153422 9475 0.0625858 47182 0.199356 1266 
0.140095 0.0682851 0.933672 76.4032 63.2174 0.0383869 0.112601 13412 0.420668 131207 0.759891 793 
0.140777 0.0704349 0.816181 73.7609 71.021 0.0523037 0.065654 30185 0.339672 268192 0.685088 724 
0.137675 0.0699118 1.03146 59.632 53.7559 0.301817 0.0580185 12655 0.0545239 61761 0.187869 1272 
0.134985 0.0701839 1.05558 64.5899 52.5118 0.576454 0.0837263 31211 0.0238057 140262 0.0842994 1371 
0.142469 0.0664725 1.0909 68.1479 49.3569 0.112592 0.171278 5540 0.245668 41576 0.607322 1054 
0.138109 0.0707931 0.921126 74.1814 57.3608 0.16504 0.189934 29607 0.128078 174527 0.368631 1014 
0.137483 0.0709844 0.981562 77.2855 57.4773 0.162083 0.0142414 32868 0.00851892 144338 0.0324932 1293 
0.139022 0.0693834 0.91563 72.5334 55.5528 0.185276 0.0282981 19787 0.0232476 88099 0.0902621 1197 
0.140061 0.0714237 0.909178 85.2514 52.6334 0.0601126 0.0304669 16274 0.0212609 74983 0.0814851 1161 
0.134644 0.0687298 1.0313 72.0846 48.2091 0.0746355 0.144197 4937 0.143002 28469 0.3919 1152 
0.141267 0.0737786 0.86232 88.0135 56.1585 0.00500364 0.06474 4102 0.311555 35948 0.643513 769 
0.138745 0.0699369 1.05142 52.7113 50.2404 0.0126343 0.408999 3381 0.928424 54971 0.981536 733 
0.14088 0.0657889 1.01729 79.4064 38.8942 0.0802092 0.140464 3164 0.0755373 15560 0.275835 1253 
0.137319 0.0710333 0.984976 69.8769 45.7685 0.21121 0.418818 12622 0.129615 74436 0.366906 1084 
0.136888 0.0626967 1.03095 72.2327 43.8883 0.011014 0.176087 778 0.672237 9576 0.903718 797 
0.14022 0.069493 1.05779 57.1536 52.7131 0.5832 0.241969 20165 0.138805 121766 0.407248 1149 
0.140007 0.0706477 0.961882 68.7504 56.0377 0.21941 0.428962 28763 0.27212 227163 0.607775 904 
0.139515 0.0710016 1.11121 64.8261 42.9578 0.455545 0.371836 14584 0.0732309 76590 0.243504 1309 
0.139557 0.072156 1.22241 64.8234 36.8942 0.295981 0.179885 6539 0.0339501 31608 0.122754 1514 
0.140943 0.0687363 0.754583 89.6472 76.3798 0.0136489 0.00961544 21182 0.152488 131544 0.441525 807 
0.138237 0.0700191 0.887856 76.1129 52.9046 0.294814 0.215152 37622 0.0620647 187972 0.211313 1079 
0.136765 0.0706044 0.918862 93.9003 57.497 0.0707817 0.0296581 44559 0.0126574 196376 0.047404 1208 
0.139767 0.0667147 0.926306 100.801 38.3655 0.00360548 0.136359 790 0.263291 5936 0.615061 895 
0.140301 0.0702321 0.926097 80.3363 59.4061 0.12068 0.178658 36742 0.144385 226797 0.415098 993 
0.144537 0.0704061 0.948027 91.1799 50.7628 0.110902 0.0248382 34739 0.00759953 151103 0.033818 1257 
0.142677 0.0717797 1.13408 95.2765 31.6555 0.0137049 0.478629 2036 0.150786 13251 0.431666 1179 
0.143019 0.0700358 0.924321 87.1311 50.0522 0.0845586 0.101067 18873 0.0481111 92539 0.184106 1136 
0.140656 0.0686468 1.02039 62.4716 49.1346 0.369022 0.287532 13473 0.15223 83319 0.440032 1094 
0.136635 0.0691924 1.0177 82.0987 25.2879 0.8888 0.11219 21688 0.00119882 89907 0.00476047 1394 
0.140511 0.0699953 0.991818 80.6008 51.4473 0.344875 0.183344 52693 0.0341412 245779 0.130455 1258 
0.139423 0.0700732 0.955922 86.9776 47.8176 0.0741198 0.360472 15414 0.131828 91701 0.386223 1047 
0.136552 0.0700815 1.04923 67.0171 52.7764 0.361376 0.0820251 23634 0.0342727 109324 0.121757 1338 
0.139094 0.0709538 1.19064 54.1223 44.6836 0.194609 0.471807 4737 0.358244 42398 0.692934 1053 
0.138089 0.0703836 1.13697 60.4824 43.1197 2.28362 0.789258 49844 0.0441979 239017 0.156315 1417 
0.139732 0.0700405 0.921264 68.826 55.4207 0.528486 0.281423 50047 0.0928727 272346 0.299354 1063 
0.141456 0.0707189 0.834115 86.443 67.3735 0.0335418 0.0167623 26762 0.060982 136760 0.216847 999 
0.136735 0.0691027 1.17527 63.3086 32.505 1.75131 1.16403 19750 0.0367089 90401 0.132288 1510 
0.13123 0.0701969 0.780677 112.788 52.192 0.0394893 0.0524605 60600 0.00622112 259493 0.0214071 1046 
0.140226 0.0703575 0.945578 93.3362 53.1515 0.00691426 0.290712 6518 0.548788 75822 0.835905 745 
0.141503 0.0692083 0.983284 71.242 41.3833 0.271648 0.362596 10423 0.0858678 55649 0.29253 1148 
0.140282 0.0693691 0.849178 77.6594 73.7128 0.049603 0.0216564 30762 0.155387 192506 0.440469 904 
0.139039 0.0691873 0.952657 66.2865 61.4831 0.149693 0.155528 20711 0.278644 161503 0.617927 902 
0.140296 0.0718008 0.824165 76.5934 68.3469 0.0395414 0.0163162 19918 0.0852495 109525 0.275097 944 
0.140009 0.0702507 1.02134 67.2698 50.627 0.326747 0.397881 21792 0.156204 137669 0.436177 1081 
0.14075 0.0703704 0.976645 70.7126 40.7699 1.3039 0.237039 47830 0.0109346 209554 0.0446997 1289 
0.124569 0.0710922 1.03847 87.3045 22.3383 0.229895 0.369959 7899 0.00607672 34335 0.01797 1377 
0.14007 0.0693083 1.00785 69.2613 49.0992 0.0857338 0.208363 5962 0.242033 44198 0.576655 979 
0.136611 0.0696164 1.04623 62.4543 42.2573 0.68507 0.422029 15410 0.0644387 76410 0.21382 1278 
0.139376 0.0697913 0.935927 84.7127 54.7891 0.0284265 0.107824 8493 0.188744 56725 0.492076 961 
0.140038 0.0696851 0.950588 78.0695 59.2802 0.344881 0.142615 75104 0.0546442 368695 0.196474 1168 
0.139892 0.0716352 0.922445 94.7547 54.7283 0.00213993 0.0853219 2625 0.491048 28486 0.796321 748 
0.143699 0.0724868 1.11358 53.2076 48.5114 0.224126 0.122748 5835 0.155955 39079 0.443051 1139 
0.14237 0.0723012 0.8871 70.7575 59.7964 0.00687255 0.0930547 4450 0.731461 65527 0.919712 638 
0.143333 0.0698969 0.92179 75.4715 69.4132 0.199914 0.00757878 72636 0.0152404 320667 0.0651922 1211 
0.132673 0.0709804 1.10089 55.1393 45.1722 1.0738 0.0953672 18996 0.0151611 84533 0.0517076 1438 
0.140369 0.0699116 1.01976 91.9192 48.3546 0.293532 0.118101 76976 0.00969133 332816 0.0398328 1358 
0.145404 0.0707198 0.926826 88.0703 49.496 0.0341007 0.0396363 8461 0.0430209 41682 0.172065 1135 
0.138728 0.0693526 0.924119 60.9647 60.9412 0.174012 0.180276 17884 0.341143 153665 0.682218 834 
0.156232 0.070118 1.19321 54.7788 23.5304 4.55519 0.178006 15797 0.00284864 67420 0.0164195 1602 
0.140791 0.0699686 0.916345 82.3832 62.7749 0.0532948 0.0481277 21976 0.107208 124576 0.339006 1032 
0.142453 0.0702896 1.06989 63.0805 44.8901 0.587383 0.331693 17913 0.0778206 95641 0.270323 1248 
0.140255 0.0702785 0.893302 79.0672 56.7629 0.159296 0.204287 35882 0.116409 207968 0.356093 993 
0.140341 0.0713759 0.996675 59.0947 57.4611 0.153272 0.221128 13817 0.362452 126998 0.700365 870 
0.142156 0.0699821 0.884105 84.5836 65.4279 0.162141 0.0147498 85117 0.0133463 373502 0.0560666 1166 
0.120104 0.0656681 1.13532 88.5629 18.6545 0.183565 0.472862 3230 0.0114551 12704 0.0341625 1617 
0.137907 0.0691357 0.870233 86.9763 61.4439 0.0802065 0.0294459 34201 0.0298822 154161 0.112013 1129 
0.142208 0.0702128 0.950628 66.6036 47.5443 1.0661 0.185902 47059 0.0239912 214567 0.0970979 1223 
0.140404 0.0678422 0.960096 66.8286 54.0635 0.0467135 0.113048 4105 0.388307 38436 0.737512 832 
0.141823 0.0698634 0.922937 85.0462 53.132 0.186335 0.12463 43194 0.0381071 204135 0.147628 1161 
0.141224 0.0701271 0.933807 72.1646 54.2609 0.883117 0.120054 91042 0.01987 408441 0.0800997 1214 
0.14978 0.0710089 1.06 65.9652 42.4973 0.556274 0.00979132 17369 0.00218781 75124 0.010902 1410 
0.140983 0.0693271 1.19624 48.0796 43.8974 0.700388 1.47769 11046 0.462339 116505 0.78885 982 
0.141684 0.0704243 1.10703 54.3677 50.1064 0.437882 0.0218766 9936 0.0188205 44714 0.0763519 1436 
0.133181 0.0697961 1.03845 63.7512 44.8349 0.760802 0.0808679 21564 0.0110369 92838 0.0393158 1387 
0.139588 0.0700818 0.988713 61.6123 51.4451 1.34874 0.611401 58889 0.0977602 324192 0.310563 1133 
0.140505 0.0705095 1.11169 58.5488 34.4274 1.57304 0.484619 16124 0.0269784 74332 0.104289 1420 
0.146388 0.0705618 1.06449 58.9279 55.801 0.170186 0.0321545 8685 0.0892343 49185 0.316784 1198 
0.139144 0.070375 0.798896 104.217 53.9671 0.0579357 0.0168518 56479 0.00391296 241917 0.0158319 1070 
0.138639 0.0698156 0.982584 59.9569 55.2568 0.180406 0.0240931 8416 0.0438451 39996 0.158241 1232 
0.139928 0.0697678 0.886062 68.4689 63.1649 0.999631 0.0482409 141904 0.0167508 625042 0.0669731 1166 
0.137385 0.0704112 1.16163 50.399 46.6088 1.12655 0.29918 16124 0.0815554 84701 0.259525 1369 
0.140596 0.0698398 0.857999 105.941 49.1418 0.0955593 0.0932262 69846 0.00950663 301442 0.0393276 1144 
0.137524 0.0686145 0.951413 79.9672 55.3011 0.0694899 0.049363 11594 0.0621873 56471 0.214039 1176 
0.141471 0.0700811 1.01711 82.4003 49.4426 0.0394238 0.113478 6668 0.131224 40274 0.39492 1104 
0.139739 0.0699205 0.958785 76.2827 48.7139 0.217872 0.163632 20524 0.0515981 100191 0.185426 1182 
0.139115 0.0698792 0.871696 60.4958 54.5445 0.411119 0.147762 20331 0.103143 112707 0.322252 995 
