0.137407 0.070479 0.977807 74.5381 43.4402 0.0634104 0.0368898 3780 0.0277778 17342 0.101257 1253 
0.140536 0.0718162 1.10752 71.4383 44.807 0.0630583 0.238399 4629 0.198963 32586 0.503989 1104 
0.139179 0.0686792 0.911072 79.526 49.2893 0.0476595 0.275327 6711 0.281031 52430 0.623841 862 
0.142188 0.0689213 0.867032 94.4627 61.1599 0.00929971 0.0291497 7367 0.166418 47841 0.472712 904 
0.140292 0.0694579 0.821984 79.2484 69.1491 0.0136654 0.0193756 8149 0.276844 64503 0.62056 772 
0.130386 0.0683123 1.07582 72.2693 39.6373 0.219781 0.269549 7085 0.051235 32527 0.16162 1381 
0.154201 0.0687387 1.19117 79.1452 18.3751 0.596495 0.607583 7141 0.00938244 30531 0.0517834 1599 
0.142842 0.0714491 1.04135 67.9022 51.7095 0.0544176 0.0383282 4353 0.0994716 25054 0.323102 1161 
0.148832 0.0699122 0.931846 78.0589 44.8692 0.107028 0.0149825 8347 0.00958428 36347 0.0465238 1235 
0.137178 0.0685018 1.02597 67.7613 57.1858 0.0220721 0.0940674 3430 0.510204 35972 0.809797 846 
0.141055 0.0701778 0.905246 71.3423 58.8858 0.0474982 0.0975882 9104 0.307667 77048 0.655189 822 
0.141272 0.070032 0.993559 74.4465 54.6963 0.0723172 0.189599 11790 0.25827 91873 0.599991 940 
0.140755 0.0697355 1.00901 64.2525 46.1877 0.322337 0.290432 11598 0.118469 67316 0.365604 1121 
0.138242 0.0706311 0.94509 84.821 58.2179 0.0115221 0.138992 7128 0.441218 70450 0.759475 799 
0.141496 0.0700968 1.06279 55.0331 49.8035 0.397709 0.0574898 9285 0.0502962 45599 0.186254 1305 
0.137422 0.0705929 1.0259 71.6786 48.4956 0.0767397 0.529546 8276 0.365031 72878 0.693474 915 
0.144682 0.0698502 0.956875 93.4149 27.9271 0.167234 0.14759 11543 0.00502469 49211 0.0228811 1286 
0.139208 0.0692515 1.02613 61.0339 48.7476 0.473321 0.141185 14590 0.061549 72209 0.215804 1255 
0.140719 0.0692292 1.07541 79.3721 48.7528 0.0370123 0.0699338 4278 0.110799 24209 0.350448 1213 
0.134137 0.0689532 1.04432 68.1923 48.2735 0.321205 0.149666 15043 0.0481287 70181 0.16134 1326 
0.140468 0.0719936 0.905629 74.5921 61.4246 0.00911184 0.0760562 5290 0.571834 63775 0.844626 703 
0.136116 0.0691505 1.04005 63.8038 47.2861 0.0872673 0.259084 3925 0.302675 30645 0.631392 985 
0.137728 0.0704609 1.03369 86.5779 51.3448 0.0530768 0.338108 15409 0.187683 101751 0.478472 1068 
0.13945 0.0681764 1.13344 39.5895 46.8412 0.181767 1.49444 8326 0.883978 132262 0.970453 796 
0.140056 0.0696491 0.831719 68.6068 69.2076 0.0704346 0.03461 18915 0.211684 132872 0.532091 831 
0.139809 0.0673741 0.8858 59.4539 65.1376 0.0804707 0.0399726 7859 0.328032 66307 0.68305 807 
0.142277 0.0706162 0.959134 55.5279 57.3132 0.253735 0.0695751 12079 0.140823 75572 0.415948 1020 
0.140447 0.0694818 0.968284 80.6641 56.9869 0.0980667 0.170592 23741 0.153069 148233 0.43636 1032 
0.141315 0.0695432 0.937476 72.9257 48.8383 0.219138 0.185417 16301 0.0799951 86022 0.274662 1102 
0.143925 0.0695768 0.963199 85.4524 44.7403 0.176892 0.114047 22336 0.0222063 100409 0.0944238 1251 
0.139152 0.0712568 1.06711 82.7758 48.0884 0.155347 0.159776 25374 0.0364546 121390 0.132078 1331 
0.139044 0.0692102 1.01142 63.0064 50.5882 0.699069 0.094366 26996 0.0285227 121688 0.109436 1312 
0.142119 0.0712333 1.04815 80.7374 43.4701 0.0212622 0.237364 2882 0.27932 23774 0.623707 963 
0.144072 0.0713932 1.00763 55.5817 48.1102 0.969216 0.236828 23957 0.0702509 128520 0.251066 1171 
0.141313 0.0683636 0.900935 56.1911 58.2032 0.0907333 0.140872 7027 0.529529 80844 0.833927 713 
0.139783 0.0677343 0.938549 64.2328 54.5065 0.0721954 0.15648 5596 0.407434 53328 0.750713 807 
0.140861 0.07036 0.961905 61.5146 51.6067 0.662388 0.322612 30230 0.108766 173008 0.341158 1077 
0.140008 0.0693303 1.0613 62.5831 47.9199 0.896916 0.539453 30641 0.103097 169565 0.328629 1213 
0.136147 0.0733696 1.02829 66.5639 53.7344 0.0143925 0.0389282 1766 0.243488 13020 0.538249 1001 
0.140924 0.0687845 1.15864 65.4027 36.482 0.120828 0.225912 2216 0.123646 12880 0.382376 1287 
0.14295 0.0710405 1.25375 61.5987 31.0848 0.301094 0.433496 3325 0.077594 17992 0.268675 1450 
0.139348 0.0700328 0.902916 94.7158 43.9307 0.118201 0.182891 28410 0.0210489 127286 0.0817608 1175 
0.138733 0.0703403 1.00758 57.3029 52.3029 0.829776 0.165392 27994 0.0603344 140270 0.206922 1222 
0.140959 0.0710849 1.0856 61.992 50.0487 0.39045 0.331951 18529 0.147229 116920 0.41968 1149 
0.141201 0.0707293 1.01121 74.0087 48.3012 0.316282 0.326288 27674 0.0764978 147215 0.259946 1182 
0.141283 0.0772991 1.11647 58.3065 42.0572 0.0231871 0.914838 3167 0.778339 48058 0.928753 795 
0.141802 0.069813 0.93811 67.5661 49.2761 0.581993 0.192874 30551 0.0482145 148607 0.181398 1159 
0.140915 0.0768126 0.954049 69.4195 63.5045 0.00343933 0.0789856 5532 0.780007 83422 0.929551 681 
0.134825 0.0706169 1.03978 67.5988 46.7932 0.194618 0.145517 9475 0.0625858 47182 0.199356 1266 
0.140095 0.0682851 0.933672 76.4032 61.3655 0.0435613 0.145953 13412 0.420668 131207 0.759891 793 
0.140777 0.0704349 0.816181 73.7609 68.5252 0.0623558 0.0932929 30185 0.339672 268192 0.685088 724 
0.137675 0.0699118 1.03146 59.632 50.5954 0.376449 0.0896481 12655 0.0545239 61761 0.187869 1272 
0.134985 0.0701839 1.05558 64.5899 50.6816 0.655468 0.107191 31211 0.0238057 140262 0.0842994 1371 
0.142469 0.0664725 1.0909 68.1479 49.0782 0.114697 0.178215 5540 0.245668 41576 0.607322 1054 
0.138109 0.0707931 0.921126 74.1814 58.5777 0.151417 0.160549 29607 0.128078 174527 0.368631 1014 
0.137483 0.0709844 0.981562 77.2855 53.828 0.210009 0.0235204 32868 0.00851892 144338 0.0324932 1293 
0.139022 0.0693834 0.91563 72.5334 57.9817 0.156542 0.0201886 19787 0.0232476 88099 0.0902621 1197 
0.140061 0.0714237 0.909178 85.2514 50.9836 0.0676304 0.0383869 16274 0.0212609 74983 0.0814851 1161 
0.134644 0.0687298 1.0313 72.0846 47.4159 0.0788172 0.160449 4937 0.143002 28469 0.3919 1152 
0.141267 0.0737786 0.86232 88.0135 56.3128 0.00494703 0.0633447 4102 0.311555 35948 0.643513 769 
0.138745 0.0699369 1.05142 52.7113 50.4334 0.0124648 0.398188 3381 0.928424 54971 0.981536 733 
0.14088 0.0657889 1.01729 79.4064 43.4622 0.0593892 0.0738036 3164 0.0755373 15560 0.275835 1253 
0.137319 0.0710333 0.984976 69.8769 43.7431 0.243892 0.553115 12622 0.129615 74436 0.366906 1084 
0.136888 0.0626967 1.03095 72.2327 43.3791 0.0113714 0.188799 778 0.672237 9576 0.903718 797 
0.14022 0.069493 1.05779 57.1536 54.1009 0.529581 0.19918 20165 0.138805 121766 0.407248 1149 
0.140007 0.0706477 0.961882 68.7504 59.4581 0.172311 0.265733 28763 0.27212 227163 0.607775 904 
0.139515 0.0710016 1.11121 64.8261 41.3992 0.508855 0.462159 14584 0.0732309 76590 0.243504 1309 
0.139557 0.072156 1.22241 64.8234 37.232 0.288853 0.1716 6539 0.0339501 31608 0.122754 1514 
0.140943 0.0687363 0.754583 89.6472 76.7668 0.0132906 0.00910505 21182 0.152488 131544 0.441525 807 
0.138237 0.0700191 0.887856 76.1129 53.8811 0.27533 0.187983 37622 0.0620647 187972 0.211313 1079 
0.136765 0.0706044 0.918862 93.9003 55.4412 0.0818386 0.0392871 44559 0.0126574 196376 0.047404 1208 
0.139767 0.0667147 0.926306 100.801 39.4375 0.00335663 0.117385 790 0.263291 5936 0.615061 895 
0.140301 0.0702321 0.926097 80.3363 60.3844 0.112667 0.155745 36742 0.144385 226797 0.415098 993 
0.144537 0.0704061 0.948027 91.1799 48.4696 0.130334 0.0345993 34739 0.00759953 151103 0.033818 1257 
0.142677 0.0717797 1.13408 95.2765 30.5021 0.0148878 0.564241 2036 0.150786 13251 0.431666 1179 
0.143019 0.0700358 0.924321 87.1311 52.4713 0.0713804 0.071508 18873 0.0481111 92539 0.184106 1136 
0.140656 0.0686468 1.02039 62.4716 48.6534 0.381415 0.307667 13473 0.15223 83319 0.440032 1094 
0.136635 0.0691924 1.0177 82.0987 25.7546 0.860555 0.105258 21688 0.00119882 89907 0.00476047 1394 
0.140511 0.0699953 0.991818 80.6008 50.422 0.370537 0.211757 52693 0.0341412 245779 0.130455 1258 
0.139423 0.0700732 0.955922 86.9776 48.3856 0.0712274 0.333025 15414 0.131828 91701 0.386223 1047 
0.136552 0.0700815 1.04923 67.0171 53.3321 0.347575 0.0760317 23634 0.0342727 109324 0.121757 1338 
0.139094 0.0709538 1.19064 54.1223 45.0271 0.189923 0.449793 4737 0.358244 42398 0.692934 1053 
0.138089 0.0703836 1.13697 60.4824 41.8172 2.50288 0.944795 49844 0.0441979 239017 0.156315 1417 
0.139732 0.0700405 0.921264 68.826 55.0354 0.542944 0.296991 50047 0.0928727 272346 0.299354 1063 
0.141456 0.0707189 0.834115 86.443 64.8811 0.0400071 0.0238481 26762 0.060982 136760 0.216847 999 
0.136735 0.0691027 1.17527 63.3086 30.5923 1.99879 1.51199 19750 0.0367089 90401 0.132288 1510 
0.13123 0.0701969 0.780677 112.788 49.5571 0.0475125 0.0741312 60600 0.00622112 259493 0.0214071 1046 
0.140226 0.0703575 0.945578 93.3362 54.9969 0.00607235 0.224428 6518 0.548788 75822 0.835905 745 
0.141503 0.0692083 0.983284 71.242 44.2828 0.222258 0.240569 10423 0.0858678 55649 0.29253 1148 
0.140282 0.0693691 0.849178 77.6594 72.2396 0.0549402 0.026628 30762 0.155387 192506 0.440469 904 
0.139039 0.0691873 0.952657 66.2865 60.2906 0.162567 0.183575 20711 0.278644 161503 0.617927 902 
0.140296 0.0718008 0.824165 76.5934 67.955 0.0406699 0.0172384 19918 0.0852495 109525 0.275097 944 
0.140009 0.0702507 1.02134 67.2698 50.724 0.32453 0.392518 21792 0.156204 137669 0.436177 1081 
0.14075 0.0703704 0.976645 70.7126 39.7459 1.40132 0.273784 47830 0.0109346 209554 0.0446997 1289 
0.124569 0.0710922 1.03847 87.3045 22.9123 0.220703 0.344433 7899 0.00607672 34335 0.01797 1377 
0.14007 0.0693083 1.00785 69.2613 47.5156 0.0956793 0.260107 5962 0.242033 44198 0.576655 979 
0.136611 0.0696164 1.04623 62.4543 42.9302 0.653719 0.384964 15410 0.0644387 76410 0.21382 1278 
0.139376 0.0697913 0.935927 84.7127 53.8136 0.0304293 0.123527 8493 0.188744 56725 0.492076 961 
0.140038 0.0696851 0.950588 78.0695 58.973 0.352343 0.148884 75104 0.0546442 368695 0.196474 1168 
0.139892 0.0716352 0.922445 94.7547 53.2583 0.00237757 0.104802 2625 0.491048 28486 0.796321 748 
0.143699 0.0724868 1.11358 53.2076 46.8061 0.253616 0.156834 5835 0.155955 39079 0.443051 1139 
0.14237 0.0723012 0.8871 70.7575 60.2958 0.00662884 0.0866685 4450 0.731461 65527 0.919712 638 
0.143333 0.0698969 0.92179 75.4715 66.3637 0.247408 0.0117335 72636 0.0152404 320667 0.0651922 1211 
0.132673 0.0709804 1.10089 55.1393 46.8826 0.951037 0.0760056 18996 0.0151611 84533 0.0517076 1438 
0.140369 0.0699116 1.01976 91.9192 45.9099 0.348242 0.16645 76976 0.00969133 332816 0.0398328 1358 
0.145404 0.0707198 0.926826 88.0703 47.7913 0.0384699 0.0507861 8461 0.0430209 41682 0.172065 1135 
0.138728 0.0693526 0.924119 60.9647 62.6607 0.154451 0.142017 17884 0.341143 153665 0.682218 834 
0.156232 0.070118 1.19321 54.7788 24.7816 4.17257 0.146399 15797 0.00284864 67420 0.0164195 1602 
0.140791 0.0699686 0.916345 82.3832 61.6367 0.0577128 0.0564926 21976 0.107208 124576 0.339006 1032 
0.142453 0.0702896 1.06989 63.0805 44.0564 0.622834 0.373522 17913 0.0778206 95641 0.270323 1248 
0.140255 0.0702785 0.893302 79.0672 58.8619 0.137449 0.152191 35882 0.116409 207968 0.356093 993 
0.140341 0.0713759 0.996675 59.0947 58.2788 0.144583 0.197154 13817 0.362452 126998 0.700365 870 
0.142156 0.0699821 0.884105 84.5836 62.5945 0.1977 0.0220654 85117 0.0133463 373502 0.0560666 1166 
0.120104 0.0656681 1.13532 88.5629 18.3841 0.186854 0.488471 3230 0.0114551 12704 0.0341625 1617 
0.137907 0.0691357 0.870233 86.9763 59.2376 0.0934232 0.0399178 34201 0.0298822 154161 0.112013 1129 
0.142208 0.0702128 0.950628 66.6036 51.3197 0.817852 0.108671 47059 0.0239912 214567 0.0970979 1223 
0.140404 0.0678422 0.960096 66.8286 54.752 0.0445818 0.102631 4105 0.388307 38436 0.737512 832 
0.141823 0.0698634 0.922937 85.0462 51.3843 0.210533 0.159686 43194 0.0381071 204135 0.147628 1161 
0.141224 0.0701271 0.933807 72.1646 55.4956 0.809867 0.100843 91042 0.01987 408441 0.0800997 1214 
0.14978 0.0710089 1.06 65.9652 41.7312 0.587371 0.0109817 17369 0.00218781 75124 0.010902 1410 
0.140983 0.0693271 1.19624 48.0796 44.5695 0.668502 1.3441 11046 0.462339 116505 0.78885 982 
0.141684 0.0704243 1.10703 54.3677 49.4984 0.457036 0.0238445 9936 0.0188205 44714 0.0763519 1436 
0.133181 0.0697961 1.03845 63.7512 41.3336 0.971416 0.128912 21564 0.0110369 92838 0.0393158 1387 
0.139588 0.0700818 0.988713 61.6123 54.8152 1.06502 0.381968 58889 0.0977602 324192 0.310563 1133 
0.140505 0.0705095 1.11169 58.5488 35.38 1.47085 0.423908 16124 0.0269784 74332 0.104289 1420 
0.146388 0.0705618 1.06449 58.9279 56.0293 0.167466 0.0310977 8685 0.0892343 49185 0.316784 1198 
0.139144 0.070375 0.798896 104.217 51.4687 0.0690729 0.0238576 56479 0.00391296 241917 0.0158319 1070 
0.138639 0.0698156 0.982584 59.9569 53.9022 0.1983 0.0290705 8416 0.0438451 39996 0.158241 1232 
0.139928 0.0697678 0.886062 68.4689 64.6648 0.900312 0.0391081 141904 0.0167508 625042 0.0669731 1166 
0.137385 0.0704112 1.16163 50.399 48.7954 0.965797 0.221548 16124 0.0815554 84701 0.259525 1369 
0.140596 0.0698398 0.857999 105.941 48.6791 0.0986978 0.0994926 69846 0.00950663 301442 0.0393276 1144 
0.137524 0.0686145 0.951413 79.9672 56.9407 0.0620957 0.0393977 11594 0.0621873 56471 0.214039 1176 
0.141471 0.0700811 1.01711 82.4003 49.1624 0.0402057 0.118067 6668 0.131224 40274 0.39492 1104 
0.139739 0.0699205 0.958785 76.2827 50.0332 0.198672 0.136081 20524 0.0515981 100191 0.185426 1182 
0.139115 0.0698792 0.871696 60.4958 55.7857 0.376962 0.124328 20331 0.103143 112707 0.322252 995 
