0.137407 0.070479 0.977807 74.5381 45.3782 0.0553147 0.0282655 3780 0.0277778 17342 0.101257 1253 
0.140536 0.0718162 1.10752 71.4383 45.7569 0.0589002 0.208608 4629 0.198963 32586 0.503989 1104 
0.139179 0.0686792 0.911072 79.526 47.4925 0.053919 0.353553 6711 0.281031 52430 0.623841 862 
0.142188 0.0689213 0.867032 94.4627 64.8461 0.00721332 0.0172588 7367 0.166418 47841 0.472712 904 
0.140292 0.0694579 0.821984 79.2484 71.5445 0.0115708 0.0138454 8149 0.276844 64503 0.62056 772 
0.130386 0.0683123 1.07582 72.2693 38.4791 0.237876 0.313488 7085 0.051235 32527 0.16162 1381 
0.154201 0.0687387 1.19117 79.1452 18.9779 0.572285 0.553655 7141 0.00938244 30531 0.0517834 1599 
0.142842 0.0714491 1.04135 67.9022 53.3372 0.0484431 0.0303769 4353 0.0994716 25054 0.323102 1161 
0.148832 0.0699122 0.931846 78.0589 44.4904 0.109901 0.0158515 8347 0.00958428 36347 0.0465238 1235 
0.137178 0.0685018 1.02597 67.7613 55.7003 0.0244362 0.115328 3430 0.510204 35972 0.809797 846 
0.141055 0.0701778 0.905246 71.3423 58.6141 0.0484128 0.101401 9104 0.307667 77048 0.655189 822 
0.141272 0.070032 0.993559 74.4465 55.8245 0.066823 0.161664 11790 0.25827 91873 0.599991 940 
0.140755 0.0697355 1.00901 64.2525 45.0777 0.348279 0.339545 11598 0.118469 67316 0.365604 1121 
0.138242 0.0706311 0.94509 84.821 57.309 0.012286 0.157601 7128 0.441218 70450 0.759475 799 
0.141496 0.0700968 1.06279 55.0331 49.6087 0.403176 0.0590962 9285 0.0502962 45599 0.186254 1305 
0.137422 0.0705929 1.0259 71.6786 49.0639 0.0737221 0.489765 8276 0.365031 72878 0.693474 915 
0.144682 0.0698502 0.956875 93.4149 27.0649 0.177615 0.167198 11543 0.00502469 49211 0.0228811 1286 
0.139208 0.0692515 1.02613 61.0339 48.6638 0.476076 0.142842 14590 0.061549 72209 0.215804 1255 
0.140719 0.0692292 1.07541 79.3721 48.3501 0.0380585 0.0740105 4278 0.110799 24209 0.350448 1213 
0.134137 0.0689532 1.04432 68.1923 45.8451 0.379754 0.207294 15043 0.0481287 70181 0.16134 1326 
0.140468 0.0719936 0.905629 74.5921 65.901 0.00660152 0.0405557 5290 0.571834 63775 0.844626 703 
0.136116 0.0691505 1.04005 63.8038 43.7671 0.11131 0.41828 3925 0.302675 30645 0.631392 985 
0.137728 0.0704609 1.03369 86.5779 50.4161 0.0566662 0.384243 15409 0.187683 101751 0.478472 1068 
0.13945 0.0681764 1.13344 39.5895 44.9893 0.206228 1.93479 8326 0.883978 132262 0.970453 796 
0.140056 0.0696491 0.831719 68.6068 67.1961 0.081027 0.0458725 18915 0.211684 132872 0.532091 831 
0.139809 0.0673741 0.8858 59.4539 68.8382 0.0627129 0.0238269 7859 0.328032 66307 0.68305 807 
0.142277 0.0706162 0.959134 55.5279 57.9471 0.242628 0.0635748 12079 0.140823 75572 0.415948 1020 
0.140447 0.0694818 0.968284 80.6641 56.4344 0.101905 0.184358 23741 0.153069 148233 0.43636 1032 
0.141315 0.0695432 0.937476 72.9257 47.8047 0.23547 0.214578 16301 0.0799951 86022 0.274662 1102 
0.143925 0.0695768 0.963199 85.4524 46.5602 0.155853 0.0877659 22336 0.0222063 100409 0.0944238 1251 
0.139152 0.0712568 1.06711 82.7758 44.0373 0.207334 0.280757 25374 0.0364546 121390 0.132078 1331 
0.139044 0.0692102 1.01142 63.0064 50.0682 0.72469 0.101443 26996 0.0285227 121688 0.109436 1312 
0.142119 0.0712333 1.04815 80.7374 45.9745 0.0177882 0.16628 2882 0.27932 23774 0.623707 963 
0.144072 0.0713932 1.00763 55.5817 51.3455 0.769322 0.148594 23957 0.0702509 128520 0.251066 1171 
0.141313 0.0683636 0.900935 56.1911 62.3866 0.0681649 0.0779973 7027 0.529529 80844 0.833927 713 
0.139783 0.0677343 0.938549 64.2328 54.6312 0.0715884 0.153777 5596 0.407434 53328 0.750713 807 
0.140861 0.07036 0.961905 61.5146 49.7031 0.757317 0.421821 30230 0.108766 173008 0.341158 1077 
0.140008 0.0693303 1.0613 62.5831 47.8879 0.89891 0.541878 30641 0.103097 169565 0.328629 1213 
0.136147 0.0733696 1.02829 66.5639 53.1684 0.0150027 0.0420465 1766 0.243488 13020 0.538249 1001 
0.140924 0.0687845 1.15864 65.4027 35.2737 0.131299 0.26785 2216 0.123646 12880 0.382376 1287 
0.14295 0.0710405 1.25375 61.5987 28.4495 0.363085 0.631815 3325 0.077594 17992 0.268675 1450 
0.139348 0.0700328 0.902916 94.7158 46.1502 0.101185 0.134237 28410 0.0210489 127286 0.0817608 1175 
0.138733 0.0703403 1.00758 57.3029 53.7003 0.752094 0.136245 27994 0.0603344 140270 0.206922 1222 
0.140959 0.0710849 1.0856 61.992 52.6408 0.324745 0.230351 18529 0.147229 116920 0.41968 1149 
0.141201 0.0707293 1.01121 74.0087 47.4003 0.337092 0.37055 27674 0.0764978 147215 0.259946 1182 
0.141283 0.0772991 1.11647 58.3065 41.1248 0.02492 1.04365 3167 0.778339 48058 0.928753 795 
0.141802 0.069813 0.93811 67.5661 47.8456 0.643118 0.23625 30551 0.0482145 148607 0.181398 1159 
0.140915 0.0768126 0.954049 69.4195 61.2258 0.00409723 0.108894 5532 0.780007 83422 0.929551 681 
0.134825 0.0706169 1.03978 67.5988 46.545 0.198058 0.150467 9475 0.0625858 47182 0.199356 1266 
0.140095 0.0682851 0.933672 76.4032 58.719 0.0521899 0.211463 13412 0.420668 131207 0.759891 793 
0.140777 0.0704349 0.816181 73.7609 67.9579 0.0648978 0.101049 30185 0.339672 268192 0.685088 724 
0.137675 0.0699118 1.03146 59.632 52.2047 0.336389 0.0718314 12655 0.0545239 61761 0.187869 1272 
0.134985 0.0701839 1.05558 64.5899 52.8434 0.563194 0.0800616 31211 0.0238057 140262 0.0842994 1371 
0.142469 0.0664725 1.0909 68.1479 45.9194 0.141496 0.279507 5540 0.245668 41576 0.607322 1054 
0.138109 0.0707931 0.921126 74.1814 56.9808 0.16954 0.200167 29607 0.128078 174527 0.368631 1014 
0.137483 0.0709844 0.981562 77.2855 52.4852 0.23101 0.028289 32868 0.00851892 144338 0.0324932 1293 
0.139022 0.0693834 0.91563 72.5334 59.8668 0.13735 0.0155344 19787 0.0232476 88099 0.0902621 1197 
0.140061 0.0714237 0.909178 85.2514 50.9836 0.0676304 0.0383869 16274 0.0212609 74983 0.0814851 1161 
0.134644 0.0687298 1.0313 72.0846 47.8212 0.0766518 0.151927 4937 0.143002 28469 0.3919 1152 
0.141267 0.0737786 0.86232 88.0135 56.3905 0.00491875 0.0626532 4102 0.311555 35948 0.643513 769 
0.138745 0.0699369 1.05142 52.7113 47.7675 0.0150196 0.576402 3381 0.928424 54971 0.981536 733 
0.14088 0.0657889 1.01729 79.4064 39.0908 0.0791785 0.136627 3164 0.0755373 15560 0.275835 1253 
0.137319 0.0710333 0.984976 69.8769 44.2456 0.235339 0.516232 12622 0.129615 74436 0.366906 1084 
0.136888 0.0626967 1.03095 72.2327 41.7059 0.0126291 0.237395 778 0.672237 9576 0.903718 797 
0.14022 0.069493 1.05779 57.1536 50.6333 0.673887 0.323902 20165 0.138805 121766 0.407248 1149 
0.140007 0.0706477 0.961882 68.7504 63.575 0.128824 0.149321 28763 0.27212 227163 0.607775 904 
0.139515 0.0710016 1.11121 64.8261 41.6529 0.499768 0.446082 14584 0.0732309 76590 0.243504 1309 
0.139557 0.072156 1.22241 64.8234 35.0127 0.33902 0.233901 6539 0.0339501 31608 0.122754 1514 
0.140943 0.0687363 0.754583 89.6472 71.2776 0.0193823 0.0197368 21182 0.152488 131544 0.441525 807 
0.138237 0.0700191 0.887856 76.1129 50.9335 0.338443 0.282539 37622 0.0620647 187972 0.211313 1079 
0.136765 0.0706044 0.918862 93.9003 54.7219 0.0861026 0.0433488 44559 0.0126574 196376 0.047404 1208 
0.139767 0.0667147 0.926306 100.801 38.7974 0.00350309 0.128372 790 0.263291 5936 0.615061 895 
0.140301 0.0702321 0.926097 80.3363 60.4859 0.111866 0.153543 36742 0.144385 226797 0.415098 993 
0.144537 0.0704061 0.948027 91.1799 48.7587 0.127708 0.0331837 34739 0.00759953 151103 0.033818 1257 
0.142677 0.0717797 1.13408 95.2765 30.0683 0.0153587 0.60027 2036 0.150786 13251 0.431666 1179 
0.143019 0.0700358 0.924321 87.1311 51.5128 0.0763368 0.0820148 18873 0.0481111 92539 0.184106 1136 
0.140656 0.0686468 1.02039 62.4716 48.1546 0.394702 0.330029 13473 0.15223 83319 0.440032 1094 
0.136635 0.0691924 1.0177 82.0987 27.4988 0.762724 0.0829393 21688 0.00119882 89907 0.00476047 1394 
0.140511 0.0699953 0.991818 80.6008 49.0275 0.408526 0.25759 52693 0.0341412 245779 0.130455 1258 
0.139423 0.0700732 0.955922 86.9776 47.7653 0.0743919 0.363111 15414 0.131828 91701 0.386223 1047 
0.136552 0.0700815 1.04923 67.0171 53.9201 0.333542 0.0701651 23634 0.0342727 109324 0.121757 1338 
0.139094 0.0709538 1.19064 54.1223 42.3739 0.229264 0.650559 4737 0.358244 42398 0.692934 1053 
0.138089 0.0703836 1.13697 60.4824 43.7354 2.18677 0.724931 49844 0.0441979 239017 0.156315 1417 
0.139732 0.0700405 0.921264 68.826 51.7844 0.681779 0.467766 50047 0.0928727 272346 0.299354 1063 
0.141456 0.0707189 0.834115 86.443 67.0139 0.0344059 0.0176372 26762 0.060982 136760 0.216847 999 
0.136735 0.0691027 1.17527 63.3086 30.4629 2.01674 1.53897 19750 0.0367089 90401 0.132288 1510 
0.13123 0.0701969 0.780677 112.788 53.0886 0.0370804 0.0466369 60600 0.00622112 259493 0.0214071 1046 
0.140226 0.0703575 0.945578 93.3362 56.9587 0.00528949 0.170454 6518 0.548788 75822 0.835905 745 
0.141503 0.0692083 0.983284 71.242 41.5867 0.267851 0.352309 10423 0.0858678 55649 0.29253 1148 
0.140282 0.0693691 0.849178 77.6594 71.5342 0.0576954 0.0293977 30762 0.155387 192506 0.440469 904 
0.139039 0.0691873 0.952657 66.2865 57.7567 0.193719 0.261111 20711 0.278644 161503 0.617927 902 
0.140296 0.0718008 0.824165 76.5934 71.1983 0.032221 0.0109367 19918 0.0852495 109525 0.275097 944 
0.140009 0.0702507 1.02134 67.2698 48.8157 0.371087 0.512735 21792 0.156204 137669 0.436177 1081 
0.14075 0.0703704 0.976645 70.7126 41.4866 1.23977 0.214293 47830 0.0109346 209554 0.0446997 1289 
0.124569 0.0710922 1.03847 87.3045 21.7124 0.240355 0.39996 7899 0.00607672 34335 0.01797 1377 
0.14007 0.0693083 1.00785 69.2613 47.0651 0.0987136 0.277048 5962 0.242033 44198 0.576655 979 
0.136611 0.0696164 1.04623 62.4543 41.6838 0.712975 0.456422 15410 0.0644387 76410 0.21382 1278 
0.139376 0.0697913 0.935927 84.7127 52.8125 0.0326314 0.142024 8493 0.188744 56725 0.492076 961 
0.140038 0.0696851 0.950588 78.0695 59.3328 0.343619 0.141568 75104 0.0546442 368695 0.196474 1168 
0.139892 0.0716352 0.922445 94.7547 58.9561 0.00158076 0.0472277 2625 0.491048 28486 0.796321 748 
0.143699 0.0724868 1.11358 53.2076 45.9071 0.270691 0.178459 5835 0.155955 39079 0.443051 1139 
0.14237 0.0723012 0.8871 70.7575 64.08 0.00504211 0.0505686 4450 0.731461 65527 0.919712 638 
0.143333 0.0698969 0.92179 75.4715 66.9723 0.237104 0.0107533 72636 0.0152404 320667 0.0651922 1211 
0.132673 0.0709804 1.10089 55.1393 49.169 0.808571 0.0561189 18996 0.0151611 84533 0.0517076 1438 
0.140369 0.0699116 1.01976 91.9192 44.6772 0.379584 0.197892 76976 0.00969133 332816 0.0398328 1358 
0.145404 0.0707198 0.926826 88.0703 50.6828 0.0313553 0.0333539 8461 0.0430209 41682 0.172065 1135 
0.138728 0.0693526 0.924119 60.9647 63.5383 0.145331 0.125738 17884 0.341143 153665 0.682218 834 
0.156232 0.070118 1.19321 54.7788 24.8713 4.14642 0.144362 15797 0.00284864 67420 0.0164195 1602 
0.140791 0.0699686 0.916345 82.3832 61.138 0.0597622 0.0606018 21976 0.107208 124576 0.339006 1032 
0.142453 0.0702896 1.06989 63.0805 46.7127 0.516754 0.255846 17913 0.0778206 95641 0.270323 1248 
0.140255 0.0702785 0.893302 79.0672 60.8489 0.119535 0.115174 35882 0.116409 207968 0.356093 993 
0.140341 0.0713759 0.996675 59.0947 61.9761 0.111047 0.117343 13817 0.362452 126998 0.700365 870 
0.142156 0.0699821 0.884105 84.5836 58.811 0.257631 0.0377829 85117 0.0133463 373502 0.0560666 1166 
0.120104 0.0656681 1.13532 88.5629 18.8306 0.181454 0.462962 3230 0.0114551 12704 0.0341625 1617 
0.137907 0.0691357 0.870233 86.9763 59.8351 0.0896424 0.0367602 34201 0.0298822 154161 0.112013 1129 
0.142208 0.0702128 0.950628 66.6036 48.1755 1.01989 0.169943 47059 0.0239912 214567 0.0970979 1223 
0.140404 0.0678422 0.960096 66.8286 54.9488 0.0439904 0.0998336 4105 0.388307 38436 0.737512 832 
0.141823 0.0698634 0.922937 85.0462 49.7189 0.23651 0.202227 43194 0.0381071 204135 0.147628 1161 
0.141224 0.0701271 0.933807 72.1646 53.5113 0.930783 0.13346 91042 0.01987 408441 0.0800997 1214 
0.14978 0.0710089 1.06 65.9652 42.0256 0.575222 0.0105081 17369 0.00218781 75124 0.010902 1410 
0.140983 0.0693271 1.19624 48.0796 48.3697 0.51367 0.786596 11046 0.462339 116505 0.78885 982 
0.141684 0.0704243 1.10703 54.3677 50.4225 0.42824 0.0209183 9936 0.0188205 44714 0.0763519 1436 
0.133181 0.0697961 1.03845 63.7512 43.9201 0.810965 0.0913459 21564 0.0110369 92838 0.0393158 1387 
0.139588 0.0700818 0.988713 61.6123 60.295 0.725393 0.177757 58889 0.0977602 324192 0.310563 1133 
0.140505 0.0705095 1.11169 58.5488 38.6102 1.17126 0.269253 16124 0.0269784 74332 0.104289 1420 
0.146388 0.0705618 1.06449 58.9279 56.9753 0.156653 0.0270761 8685 0.0892343 49185 0.316784 1198 
0.139144 0.070375 0.798896 104.217 50.0242 0.0764639 0.0291687 56479 0.00391296 241917 0.0158319 1070 
0.138639 0.0698156 0.982584 59.9569 51.7456 0.230521 0.0392012 8416 0.0438451 39996 0.158241 1232 
0.139928 0.0697678 0.886062 68.4689 63.1649 0.999631 0.0482409 141904 0.0167508 625042 0.0669731 1166 
0.137385 0.0704112 1.16163 50.399 50.9992 0.826981 0.163673 16124 0.0815554 84701 0.259525 1369 
0.140596 0.0698398 0.857999 105.941 49.7828 0.0913756 0.0851916 69846 0.00950663 301442 0.0393276 1144 
0.137524 0.0686145 0.951413 79.9672 54.25 0.0746865 0.0570397 11594 0.0621873 56471 0.214039 1176 
0.141471 0.0700811 1.01711 82.4003 46.0506 0.050003 0.183364 6668 0.131224 40274 0.39492 1104 
0.139739 0.0699205 0.958785 76.2827 44.6462 0.289547 0.288886 20524 0.0515981 100191 0.185426 1182 
0.139115 0.0698792 0.871696 60.4958 54.8313 0.402961 0.141982 20331 0.103143 112707 0.322252 995 
