0.0554046 0.0274768 4.46065 326.743 28.6828 0.000988396 0.113079 637 0.0156986 2280 0.0530702 15010 
0.0395408 0.0240614 4.85154 205.564 126.269 0.00521447 0.10144 1014 0.372781 4118 0.543953 15076 
0.0405812 0.0324197 4.64905 205.943 142.882 0.000102983 0.0791331 902 0.71286 5107 0.781868 11481 
0.0326509 0.0238436 3.95957 284.053 131.32 0.00106647 0.0116609 921 0.0282302 2730 0.0413919 15600 
0.042853 0.0234914 4.67297 182.315 156.852 0.00567409 0.0246237 1174 0.406303 5287 0.620579 13599 
0.0341806 0.0179391 4.20154 199.469 184.983 0.00495167 0.0606131 1261 0.783505 5212 0.882579 12919 
0.0330023 0.0272114 4.1167 183.948 198.615 0.000718972 0.0438735 1811 0.515737 7108 0.580191 12909 
0.0350177 0.0260105 5.0236 179.859 133.074 0.00974419 0.436928 2602 0.506533 10511 0.606222 15487 
0.0375028 0.0238713 4.93955 162.016 152.026 0.0304043 0.0603986 2777 0.173569 9325 0.279464 17661 
0.0341975 0.0200726 4.12908 212.458 180.429 0.0169078 0.101602 3662 0.388039 12151 0.544893 15144 
0.0385664 0.0237114 3.82813 264.552 151.082 0.00407964 0.0602536 3809 0.139144 12537 0.23977 13921 
0.0373558 0.0246511 4.15441 200.94 198.142 0.00363405 0.0490294 4912 0.437907 19925 0.579824 12853 
0.0387813 0.0264065 5.07243 208.816 104.637 0.0203698 0.130041 3228 0.0600991 11067 0.100389 17664 
0.0341732 0.0257704 4.30146 235.763 136.265 0.00701946 0.157753 4457 0.109042 14925 0.151558 15266 
0.039708 0.0254076 4.69941 194.418 146.39 0.0165786 0.129483 4851 0.224902 18310 0.355762 15320 
0.0369394 0.0256639 5.05163 164.748 146.546 0.0406062 0.267039 6287 0.257993 23355 0.366089 16610 
0.0343841 0.024809 4.78919 161.763 161.344 0.041518 0.122724 5985 0.153049 19784 0.21755 17228 
0.0361956 0.0249871 5.62094 146.009 128.695 0.117833 0.33709 5496 0.178675 18902 0.26484 19618 
0.0394887 0.0272504 4.99465 146.66 158.64 0.018469 0.316096 6988 0.602032 34351 0.724055 13505 
0.0411051 0.0244265 5.02353 175.333 139.738 0.0765871 0.0496211 7274 0.0518284 23100 0.103766 18715 
0.0238968 0.0235158 4.38162 236.133 105.31 0.0628801 0.0559506 8237 0.0035207 23734 0.00358136 17700 
0.0377637 0.0241241 4.67657 205.527 144.707 0.0525327 0.173312 11255 0.0963127 36048 0.164503 17322 
0.0381973 0.0245337 5.03964 179.39 135.389 0.0875438 0.299196 9441 0.146171 32012 0.240472 17836 
0.040265 0.0245066 5.12275 198.872 103.944 0.172558 0.110292 11944 0.0150703 36542 0.0301571 19624 
0.0226811 0.0256567 4.72143 257.302 72.0583 0.0497437 0.176982 9107 0.00439223 28877 0.00384389 17491 
0.0373789 0.0257789 5.75486 132.59 135.879 0.251891 0.184785 10694 0.0742472 35851 0.119076 20424 
0.0383552 0.0252412 5.41187 198.434 84.7521 0.20665 0.214009 10554 0.0136441 33224 0.0243499 20199 
0.0308466 0.0262686 3.44722 279.137 182.876 5.98456e-05 0.0303235 702 0.394587 2496 0.444712 11644 
0.0369502 0.0247071 4.72613 168.868 165.182 0.0793504 0.0268401 12660 0.0256714 39211 0.0437122 17909 
0.031631 0.0249292 4.74452 193.487 135.606 0.0817365 0.238144 12535 0.0437974 39081 0.0583148 17857 
0.0371812 0.0250251 4.01327 227.013 163.96 0.017587 0.101788 13690 0.088824 44946 0.144173 14517 
0.0353248 0.025432 4.81022 168.771 165.998 0.0508962 0.205482 12021 0.170369 41361 0.242717 16747 
0.0367543 0.0245044 4.48712 182.949 183.333 0.00959148 0.0543404 4343 0.287359 15847 0.411687 15009 
0.0337811 0.0246266 4.37262 223.564 133.839 0.0457873 0.141076 12739 0.0301437 39178 0.0448211 16663 
0.0336326 0.0247401 4.77431 186.424 137.315 0.129987 0.261913 16598 0.0475358 51713 0.0693056 17997 
0.0339211 0.0257103 5.55519 137.571 144.286 0.285089 0.168423 16224 0.0408654 52539 0.0580711 20238 
0.0337836 0.0255868 5.00367 149.268 156.831 0.130907 0.0724653 13323 0.0322 42741 0.0459044 18371 
0.037651 0.0248115 5.06544 175.397 147.332 0.121326 0.277117 16573 0.11392 55127 0.186406 18162 
0.033614 0.0234014 4.41752 183.719 180.711 0.0638684 0.0300098 14185 0.0273528 41309 0.0426299 17701 
0.0347838 0.024154 4.53868 182.987 171.978 0.0263345 0.0613593 6468 0.108071 20450 0.163521 16959 
0.03597 0.0246587 4.24298 202.933 173.881 0.0202215 0.0418222 9501 0.0636775 30037 0.101641 15824 
0.0429045 0.0262504 5.92936 149.055 110.323 0.374355 0.200034 13447 0.039414 45744 0.0798793 20793 
0.0364488 0.0243853 4.83211 177.444 153.063 0.0988825 0.214178 14385 0.108168 46461 0.172682 17749 
0.0368134 0.0256963 4.81935 185.313 152.139 0.0702088 0.191529 17345 0.0811761 58032 0.127171 17133 
0.0383417 0.0247662 4.36972 176.22 186.357 0.0126765 0.0784641 6659 0.389698 26957 0.54049 13554 
0.0370165 0.023959 4.35883 177.398 187.471 0.0633157 0.113172 19698 0.160219 65315 0.255592 15725 
0.033492 0.0258597 4.73682 155.921 168.484 0.0405144 0.0558854 7362 0.0639772 24189 0.0878912 17053 
0.0462252 0.0247996 4.86723 175.604 152.524 0.0466312 0.00721385 6611 0.0272273 21072 0.0683846 18054 
0.0395747 0.0254527 5.68907 182.674 82.6611 0.330275 0.184766 11244 0.0109392 35690 0.0204539 21079 
0.0397185 0.0246463 4.58636 241.701 104.88 0.0880251 0.0930763 18456 0.00818162 56395 0.0159943 17571 
0.0364752 0.0258855 5.36272 190.571 115.684 0.162515 0.102445 17598 0.0108535 56783 0.0173644 19582 
0.0379703 0.025669 5.71037 148.784 119.253 0.586258 0.209171 22729 0.0224383 73347 0.0383928 20871 
0.0378283 0.0245417 5.6097 152.897 132.502 0.110493 0.333337 6282 0.210761 22224 0.326854 19222 
0.0405197 0.0248912 4.65727 180.806 159.319 0.128951 0.0812641 25889 0.0492873 83345 0.0948107 17125 
0.0326393 0.024257 4.52816 167.014 178.143 0.111524 0.0739253 20650 0.0367554 62551 0.052709 17494 
0.0365368 0.0256412 4.4001 188.989 182.131 0.0404303 0.100727 23544 0.0908936 78937 0.14034 15620 
0.0413765 0.0225799 4.41982 215.66 145.654 0.0441034 0.0391476 7214 0.0543388 21368 0.118074 17598 
0.0368866 0.0258244 5.12762 147.63 156.38 0.277197 0.026282 27792 0.0082038 89311 0.013425 18787 
0.0374105 0.0249675 4.79796 174.814 159.983 0.132249 0.250384 25270 0.105263 83864 0.170776 17219 
0.0388938 0.0252679 4.76619 155.986 170.877 0.183993 0.0430505 28979 0.0294006 92592 0.0529635 17587 
0.0344228 0.0251391 5.25256 163.808 139.801 0.288846 0.345577 24951 0.049497 79322 0.0732836 19457 
0.0361704 0.0245994 5.4161 142.771 152.02 0.534564 0.186654 31912 0.0395149 99146 0.0647631 20483 
0.03923 0.0249484 5.31574 189.531 104.267 0.345889 0.159507 21387 0.011362 66397 0.0213865 20084 
0.0361743 0.0241967 5.13926 216.944 86.7343 0.469328 0.506968 30447 0.0106086 91139 0.0180494 20057 
0.0349907 0.0245 5.1594 162.335 154.371 0.323008 0.028561 31074 0.00582481 93914 0.00930639 19950 
0.031062 0.0247464 4.25342 217.018 171.751 0.0447536 0.11978 28059 0.0285114 86248 0.0375313 16204 
0.0324724 0.0247139 5.49951 164.131 110.297 0.721457 0.150923 25915 0.00644414 79015 0.00911219 21094 
0.0372049 0.0241228 5.33231 175.848 118.676 0.173691 0.229862 9279 0.0550706 28688 0.0950223 20298 
0.0416081 0.0266353 5.19131 205.195 99.5629 0.088169 0.181055 11370 0.0240985 38570 0.0462017 18208 
0.0299234 0.0245555 4.82631 212.525 106.887 0.263202 0.0940688 27395 0.00281073 82775 0.00357596 18660 
0.0246561 0.0261477 4.90861 182.52 134.508 0.0354914 0.353351 5800 0.0681034 18729 0.063965 17903 
0.0466874 0.0248849 5.36512 199.638 95.2772 0.424149 0.229403 26653 0.0157581 83819 0.0409573 20090 
0.0423384 0.0250248 5.87208 166.433 99.1249 0.304816 0.246493 9758 0.0396598 31498 0.0825767 21539 
0.0385869 0.0243771 4.46883 190.025 167.26 0.111866 0.0611049 28818 0.0349087 89010 0.0641613 17004 
0.0358843 0.0249922 5.54951 132.327 139.08 0.811779 0.118109 29157 0.0165998 90721 0.0268185 20923 
0.0399144 0.0252605 5.4261 170.299 124.026 0.216247 0.182002 15145 0.0425223 49074 0.0790846 19814 
0.0350402 0.0246897 4.91997 188.943 131.219 0.214505 0.191299 24086 0.0225027 74138 0.03538 18733 
0.0381461 0.0247681 4.77477 162.694 164.4 0.165403 0.103021 23463 0.0609044 75118 0.105873 17634 
0.0436358 0.0261789 4.64384 331.316 28.4827 0.0056875 0.100731 2685 0.00297952 8752 0.0065128 16808 
0.0382716 0.0251097 5.1421 158.426 145.4 0.369696 0.14441 31270 0.0314998 99259 0.0555416 19083 
0.0371155 0.0260288 4.21751 232.452 159.684 0.00237925 0.146014 3951 0.373323 15825 0.495229 13116 
0.0380888 0.0248077 4.72845 173.388 169.209 0.152115 0.167538 32876 0.0842256 107308 0.143242 17203 
0.0221895 0.0248718 4.57266 304.184 46.6445 0.120703 0.165525 29912 0.000702059 91598 0.000622284 17467 
0.0375933 0.0247685 4.772 166.4 159.975 0.202206 0.107603 27635 0.0423738 87027 0.0730463 17847 
0.0330926 0.0245923 4.58085 181.315 170.003 0.0193981 0.127122 5524 0.192976 18208 0.259556 16516 
0.035608 0.0259727 4.92912 176.618 153.631 0.0803692 0.212531 17851 0.0794353 59922 0.117486 17456 
0.0324743 0.0240295 4.70943 193.862 151.306 0.0106314 0.0994832 2187 0.190672 7017 0.256235 17378 
0.0348444 0.0241588 5.16908 163.018 138.235 0.366898 0.209815 22734 0.0327263 68787 0.0518848 20003 
0.0396018 0.0243015 4.73413 199.922 124.742 0.0825903 0.176518 9697 0.0642467 30787 0.120246 17647 
0.0409993 0.0253032 4.58318 189.435 150.67 0.0853977 0.0625557 19172 0.0383372 62221 0.0747497 16715 
0.0323313 0.0203154 3.51124 272.097 186.257 0.0042077 0.00689956 2380 0.0369748 6095 0.061854 16042 
0.0315464 0.024475 4.80602 173.668 158.082 0.244198 0.248093 34672 0.0332257 105602 0.0451128 18466 
0.0359894 0.0247662 5.45099 136.588 148.586 0.832913 0.354953 41338 0.0501234 130147 0.0804091 20385 
0.0398767 0.0250933 4.9222 198.197 128.295 0.0438123 0.088768 6682 0.0555223 21753 0.102607 17926 
0.0362863 0.0255882 5.04404 177.436 143.331 0.205345 0.160191 30249 0.0264802 97239 0.0421642 18494 
0.0380683 0.025949 6.17493 160.94 92.1598 0.332472 0.396715 9467 0.0367593 31244 0.0617719 22162 
0.035091 0.0252753 5.75571 134.298 128.399 1.28561 0.168618 39341 0.0110572 123443 0.0170929 21530 
0.0390548 0.0245006 4.83978 158.908 163.474 0.204857 0.169121 25086 0.102288 82702 0.179887 17508 
0.0355928 0.025183 5.03695 156.341 149.323 0.432019 0.104153 38387 0.0155 120322 0.0245342 18865 
0.0365512 0.0252088 5.21637 250.229 46.7748 0.549606 0.330651 38964 0.00128324 121254 0.00213601 19645 
0.0376385 0.0243114 3.95471 213.652 199.547 0.0192346 0.0702553 21648 0.157567 73015 0.254126 14063 
0.0373445 0.0259487 5.20652 152.805 154.682 0.118502 0.0751214 13978 0.0464301 46331 0.075198 18624 
0.0353495 0.0252199 5.42868 161.997 131.507 0.298351 0.0693797 19600 0.0104592 61341 0.0164001 20353 
0.0282596 0.0254605 5.51147 179.075 97.7096 0.6794 0.668112 31048 0.0120459 97795 0.0136408 20537 
0.038244 0.0247532 5.13344 147.42 158.412 0.12266 0.0447138 10112 0.0494462 32075 0.0871395 19096 
0.0334466 0.024222 4.24105 212.73 162.96 0.100393 0.125246 37988 0.0229546 114320 0.0343597 16476 
0.0365634 0.0249158 4.33721 177.851 179.03 0.0287789 0.0936124 10184 0.175079 35020 0.263878 15147 
0.0337178 0.026744 5.1089 177.628 130.856 0.0297204 0.344743 5097 0.165391 18017 0.213354 17347 
0.037544 0.0257272 5.27957 183.798 111.352 0.198791 0.0964374 15506 0.0108345 49726 0.0183003 19383 
0.0418639 0.0245027 4.66029 252.062 87.1096 0.246992 0.228152 41203 0.00507245 124851 0.0110131 17986 
0.0382247 0.024425 4.56062 185.433 171.149 0.157031 0.219681 42949 0.092831 139214 0.159955 16714 
0.00774015 0.0237476 4.14053 260.367 138.454 0.0326595 0.0318065 17861 0.000671855 51983 0.00032703 16575 
0.0366585 0.0258767 5.04229 188.893 115.4 0.352601 0.189841 36170 0.00984241 116607 0.015891 18425 
0.0376926 0.0236093 3.97963 209.17 202.497 0.0576046 0.0466304 43137 0.0592067 131348 0.106031 15379 
0.0337547 0.0248987 4.39514 200.856 156.056 0.151848 0.0502954 44411 0.0065074 136607 0.00966276 16727 
0.0354955 0.025849 4.92298 167.644 141.448 0.384233 0.128136 44404 0.0123187 143052 0.0188882 18000 
0.0396429 0.0255755 5.12401 139.685 153.763 0.64032 0.198522 47720 0.0465842 157051 0.0842656 18464 
0.0420286 0.0246421 4.97191 248.939 70.1924 0.310913 0.0945813 32874 0.00130802 99796 0.00285583 19145 
0.0368836 0.0249486 5.43713 144.853 145.788 0.71467 0.147932 41249 0.0210429 128659 0.0354736 20466 
0.0349297 0.0246752 5.04888 155.372 156.597 0.12263 0.228023 12502 0.12398 40709 0.18335 18392 
0.0410207 0.024275 4.66008 157.379 172.28 0.346965 0.0704842 44727 0.0450511 140102 0.0910979 17559 
0.0458445 0.024186 4.07889 290.037 103.216 0.0275832 0.018579 15454 0.00297658 46115 0.00784994 15962 
0.049129 0.0254101 4.40419 253.476 98.2968 0.128469 0.0255238 38592 0.00168429 121475 0.00488166 16427 
0.0366369 0.0240707 4.49835 256.143 89.882 0.0164442 0.108863 2910 0.0274914 8776 0.047402 17465 
0.0303071 0.0248057 4.94992 230.847 82.7798 0.337796 0.110966 32613 0.00137982 99619 0.00176673 18951 
0.0323849 0.0222921 4.32019 266.33 89.3716 0.0545019 0.322581 6971 0.0258213 19291 0.0400705 18181 
0.0401057 0.026039 5.26698 164.548 120.798 0.200801 0.108579 13346 0.0257755 44057 0.0474612 18896 
0.0542744 0.0256496 4.50382 232.473 119.455 0.115726 0.00530996 37618 0.00170131 119842 0.00614142 16627 
0.0320252 0.0254593 5.78176 198.808 72.3276 1.08827 0.64441 42744 0.0047726 134631 0.00640269 21546 
0.0362659 0.0244323 5.45028 216.634 76.797 0.111665 0.176834 6015 0.0131338 18227 0.0221649 21039 
0.035525 0.0245636 4.97456 156.39 150.846 0.231702 0.108847 18523 0.0351455 57199 0.0562947 18905 
0.0395864 0.0255473 5.32324 176.871 117.195 0.0419425 0.160679 3426 0.122592 11984 0.208111 18334 
0.0352085 0.0245778 4.67107 165.986 177.295 0.249926 0.19322 49751 0.0567024 155590 0.0884119 17573 
0.0349179 0.0253393 5.00435 155.401 160.352 0.272201 0.32398 34560 0.0725405 112315 0.10743 18209 
0.0424841 0.0258913 5.30388 177.07 117.791 0.059482 0.0376249 4883 0.0270326 16126 0.0553764 19040 
0.0368154 0.0229809 4.41077 186.632 184.354 0.0452578 0.166194 13931 0.287201 48903 0.428869 15295 
0.030464 0.0248861 4.22117 237.005 145.009 0.0133425 0.174198 7686 0.0616706 23968 0.0778955 15884 
0.0395082 0.0247399 5.19136 162.886 140.887 0.0425148 0.15883 4206 0.249881 15824 0.393011 17006 
0.0390335 0.023829 4.45551 225.531 133.716 0.0321068 0.086377 7444 0.0549436 22926 0.103332 17048 
0.0391245 0.0248601 4.70303 212.372 123.065 0.306543 0.230952 52318 0.0139149 162145 0.0261124 17801 
0.0344744 0.0259291 4.56845 182.443 164.388 0.153582 0.0722359 48267 0.0125552 155933 0.0183348 16662 
0.0377442 0.0252385 4.16197 214.978 186.494 0.00396319 0.0680191 6004 0.342272 23527 0.477409 13188 
0.0359121 0.0262276 5.69083 158.77 117.709 0.443781 0.474292 24764 0.036545 82220 0.0554001 20305 
0.0321649 0.0251728 5.09318 178.603 129.113 0.368876 0.41509 34707 0.0236552 108682 0.0321212 19087 
0.0362481 0.0245132 4.60589 195.822 151.093 0.00552904 0.117344 1887 0.410175 7309 0.541114 14723 
0.0404235 0.0252359 5.19893 153.183 151.644 0.459347 0.120279 41266 0.0331265 132638 0.0635489 19104 
0.0403704 0.024502 5.52069 184.986 97.8033 0.232647 0.118347 9850 0.0154315 30145 0.0310168 21144 
0.0374307 0.0256171 4.36429 209.978 165.523 0.00501568 0.109407 4381 0.327323 17061 0.452963 13871 
0.0399108 0.0244325 4.69682 155.066 168.391 0.311165 0.0378744 35237 0.0223345 108180 0.0438344 17952 
0.0463311 0.0252049 5.34513 168.309 127.501 0.780795 0.0172622 53728 0.00254988 167703 0.00657114 20086 
0.0405424 0.0249492 5.18972 174.96 130.976 0.611645 0.183109 51538 0.0177345 161243 0.0351395 19494 
0.0332623 0.0238658 4.73781 160.53 156.631 0.0571569 0.150432 5469 0.151399 17283 0.214025 17719 
0.0368623 0.0252046 4.26705 232.536 140.305 0.0868144 0.173583 42355 0.0195963 133449 0.0326717 15917 
0.0327809 0.025446 4.42879 190.774 173.185 0.126476 0.0419699 52675 0.00710014 165999 0.00984946 16498 
0.0311598 0.0242704 4.8165 138.986 162.842 0.119455 0.0912365 7942 0.0589272 24180 0.07866 18525 
0.041215 0.0254278 5.56046 209.171 64.09 1.30568 0.226136 53557 0.00143772 168424 0.0029212 20751 
0.0359186 0.0255288 5.58466 153.191 122.3 0.352785 0.115479 15922 0.0163296 50713 0.0258119 20627 
-0.0113517 0.0245596 3.04532 641.73 -124.346 6.02146e-05 -0.0138359 814 0.00614251 2446 0.00122649 11734 
0.0330954 0.0283079 5.35422 215.758 81.3376 0.011613 0.118841 1896 0.0279536 6823 0.0344423 17879 
0.0391638 0.0251964 6.01692 166.259 94.684 1.24412 0.270825 35676 0.00790447 111632 0.014718 22567 
0.0391331 0.0255365 4.6969 263.147 58.7503 0.378598 0.0431976 55089 0.000199677 173862 0.000368108 17471 
0.028516 0.0144439 2.14178 532.218 282.721 2.37701e-05 0.000872045 310 0.312903 758 0.461741 10877 
0.0361961 0.0251289 4.59426 186.336 162.321 0.114854 0.0529487 29694 0.0175456 93038 0.0285475 17217 
0.0369896 0.0246931 5.24594 143.955 151.776 0.677489 0.11477 41567 0.020473 128190 0.0350729 19947 
0.0378275 0.0142655 4.56196 185.754 156.273 0.060848 0.181849 2336 0.759846 10804 0.901333 13324 
0.0380041 0.024795 5.50757 157.071 127.897 0.915905 0.18163 43880 0.0140611 135448 0.0251905 20917 
0.0390862 0.0240858 5.04471 182.356 139.524 0.627928 0.400959 63087 0.0379793 193318 0.0719592 19348 
0.0383882 0.0258323 5.25872 155.744 137.657 0.0627361 0.381862 6715 0.292182 26238 0.420726 16678 
0.0385451 0.0251315 4.98113 179.231 136.012 0.237784 0.164238 26908 0.0299539 85444 0.0534502 18479 
0.0404023 0.0256466 5.13861 188.147 126.98 0.129529 0.244712 17365 0.0589692 58128 0.108519 18280 
0.0372897 0.0248171 5.47863 180.534 109.365 0.93097 0.407391 50614 0.0127435 156108 0.0221257 20817 
0.0391159 0.0250227 5.49764 142.507 141.112 1.24225 0.579607 63680 0.0580716 206445 0.104139 20089 
0.0378326 0.0252158 5.01666 168.917 144.304 0.405324 0.160535 44272 0.0225199 140068 0.0390596 18654 
0.0376342 0.0255893 4.68219 186.576 158.517 0.214697 0.358274 61108 0.0607285 201729 0.10005 16826 
0.0378076 0.0243032 5.06441 178.707 131.472 0.0834902 0.11228 6882 0.0621912 21612 0.108551 19029 
0.0403284 0.025976 5.76472 155.785 119.681 0.0874088 0.205874 4948 0.128739 17786 0.219892 19433 
0.0354353 0.0252354 4.90582 167.873 161.753 0.208205 0.243152 35927 0.058925 115680 0.0901539 17989 
0.0378816 0.0238045 5.2965 159.385 126.726 0.0659687 0.370466 3704 0.321004 13880 0.47111 17437 
0.0295364 0.026097 5.19723 241.29 65.5673 0.168478 0.268309 19463 0.00323691 63018 0.0037767 18911 
0.0383445 0.0245957 4.02431 196.07 197.366 0.0110623 0.0725856 10834 0.338102 42259 0.486737 12831 
0.0368568 0.0249902 5.11027 170.901 150.276 0.21837 0.35807 29213 0.0845856 95312 0.136153 18575 
0.0372736 0.0246952 4.66728 214.854 129.048 0.277547 0.0795618 55099 0.00475508 168011 0.00834469 17904 
0.0383263 0.0263695 4.47178 173.382 169.211 0.0206718 0.0697061 7764 0.153529 28218 0.237012 14919 
0.0383893 0.0250273 4.43523 257.138 118.401 0.114502 0.0305672 55311 0.00135597 170770 0.00247116 16821 
0.0402949 0.0250023 4.78361 193.846 137.202 0.212053 0.249022 34907 0.0445756 112278 0.0849588 17590 
0.0363998 0.0248548 5.60602 144.842 136.472 1.39739 0.166198 61819 0.0106116 190543 0.0177125 21307 
0.043584 0.0250692 5.25138 232.227 71.4883 0.581469 0.160418 47078 0.00176303 145796 0.00404675 19866 
0.036259 0.025481 4.99809 150.889 154.481 0.364677 0.0739136 34829 0.0158489 110713 0.0254893 18493 
0.0364673 0.02458 4.44681 201.731 167.855 0.130102 0.228054 49515 0.0575179 155750 0.0943628 16658 
0.0385866 0.0247765 4.29505 215.991 168.471 0.024266 0.0132751 13653 0.0167729 42235 0.0307802 16287 
0.0323101 0.0263318 5.40271 165.988 122.573 0.117281 0.0923581 9035 0.0166021 29700 0.0216162 19414 
0.0405405 0.0243021 5.21054 169.747 133.041 0.548693 0.0788749 35860 0.0119353 108417 0.0244703 20169 
0.0383529 0.024831 5.35108 171.457 116.518 0.320861 0.211431 16956 0.0283675 53064 0.0509196 20105 
0.0376437 0.0242202 5.04791 179.461 125.272 0.0545769 0.479948 5040 0.28254 18502 0.418766 16843 
0.0384105 0.0255841 4.34959 231.231 154.878 0.0185082 0.0337663 14445 0.0233299 46511 0.0408076 15931 
0.0292464 0.0244979 4.57223 219.951 124.442 0.061954 0.0906458 11787 0.010011 35580 0.0123665 17695 
0.0398151 0.0262186 4.72896 202.206 145.486 0.0337216 0.260011 13845 0.154641 50928 0.252219 15659 
0.0361952 0.0250464 5.59179 140.476 128.614 0.543668 0.222065 18994 0.0339581 59925 0.0548686 20851 
0.03886 0.025131 5.10602 150.333 149.147 0.723438 0.329372 56219 0.0495918 181575 0.0882445 18700 
0.0390073 0.0259823 5.34306 182.671 100.209 0.147475 0.149475 9023 0.0211681 29539 0.0374082 19292 
0.0369042 0.0253667 5.66975 140.106 132.753 0.37927 0.191434 15855 0.0438978 51133 0.0716367 20758 
0.00234134 0.0251664 4.27484 -68.0274 436.634 0.0511327 0.0227428 21735 0.00124224 67398 0.000445117 16207 
0.0378242 0.0246117 4.63223 215.346 138.873 0.153078 0.121929 38628 0.015947 118436 0.0285302 17702 
0.0343419 0.0246805 5.02238 195.874 113.882 0.0938071 0.188399 8218 0.0333414 25405 0.0505806 19057 
0.0326785 0.0250106 3.90715 222.78 207.844 0.00993656 0.0483175 20220 0.0651335 63984 0.0895693 14529 
0.0382594 0.0257269 5.5183 138.225 137.944 0.566684 0.305823 28395 0.0551506 94147 0.093046 19756 
0.0355382 0.0246503 5.01837 177.506 147.045 0.506615 0.590023 64371 0.0479719 201101 0.0759966 18890 
0.0375575 0.0216007 5.42623 160.613 130.58 0.0062903 0.318316 1300 0.879231 6610 0.937216 14362 
0.034525 0.022548 4.73089 168.884 164.706 0.00651588 0.317085 3242 0.835287 14278 0.896834 13731 
0.0325481 0.0245562 4.94017 166.638 153.173 0.330861 0.0102355 34732 0.00132443 104927 0.00189656 19103 
0.0402867 0.025273 4.84086 211.087 99.3731 0.329337 0.0286791 33348 0.00116949 104106 0.00229574 18181 
0.0360494 0.0237938 4.59734 193.475 170.021 0.00940213 0.117168 3746 0.398292 14132 0.534673 15019 
0.042129 0.0234321 4.90935 187.289 122.062 0.140493 0.168399 9116 0.0750329 28757 0.158361 18505 
0.0398169 0.0246361 4.9148 168.586 157.068 0.472108 0.0195996 58700 0.00436116 178632 0.00859868 18890 
0.0409603 0.024633 5.89849 134.44 132.685 1.3106 0.158478 39227 0.022612 121764 0.0460152 22331 
0.0326783 0.0246911 6.17916 155.67 95.8303 3.01242 0.235352 60876 0.00271043 185140 0.00387815 23752 
0.0365192 0.0253126 4.85146 172.763 153.828 0.320424 0.0792081 49874 0.0119702 157022 0.019666 18098 
0.0396259 0.025174 5.00871 198.375 118.131 0.278108 0.271805 32626 0.0226813 103390 0.0425767 18608 
0.0363802 0.0252302 5.08419 163.497 138.167 0.19427 0.46285 17496 0.110825 58385 0.170712 18142 
0.0124359 0.0250582 4.92222 239.769 94.1479 0.106882 0.138836 18395 0.00195705 56761 0.00110992 18682 
0.035367 0.0260837 4.65532 165.482 176.26 0.00774671 0.0390668 2771 0.203176 9906 0.279124 15713 
0.0451544 0.0251991 5.16058 168.142 136.598 0.272237 0.0451329 23843 0.0200059 76259 0.047719 19045 
0.0349746 0.0248297 5.74173 156.021 110.106 2.03883 0.259503 61187 0.00570383 187648 0.00897425 21911 
0.0404148 0.0234565 4.93551 212.719 110.996 0.0230818 0.050088 2063 0.0533204 6290 0.10779 19085 
0.0403671 0.0254132 4.67089 205.376 136.818 0.120346 0.195084 29531 0.0409739 96314 0.0772681 16961 
0.0375364 0.0246586 4.8765 179.655 147.308 0.0556021 0.174871 8329 0.140953 28060 0.22655 17327 
0.0383292 0.0249427 5.73266 157.769 119.904 0.805432 0.904175 35220 0.0663543 114140 0.114894 20958 
0.0376782 0.0244731 4.77757 193.236 129.652 0.545023 0.0817369 60481 0.00474529 182630 0.00856376 18490 
0.0353282 0.0250078 4.93794 181.296 126.77 0.847065 0.214115 75639 0.00705985 234039 0.0111862 18697 
0.0401543 0.0250134 4.92702 184.35 148.439 0.451278 0.169195 76008 0.0214977 239180 0.0416172 18419 
0.0375944 0.0271297 5.17672 164.641 138.229 0.0499004 0.39101 8689 0.21625 33287 0.306456 16581 
0.0433946 0.0244526 5.67363 141.929 122.762 1.73007 0.043846 45986 0.00452312 139041 0.0105437 21941 
0.0399532 0.0252651 4.69997 198.164 157.505 0.060064 0.0500271 19673 0.0344126 63301 0.0645645 17253 
0.0351059 0.0238754 4.95404 158.231 160.622 0.0215297 0.198185 3412 0.465123 13047 0.590404 15989 
0.0383688 0.0242813 3.91902 209.455 194.56 0.0475392 0.0415129 37552 0.0503036 116973 0.0907816 14822 
0.0376296 0.0248329 5.36357 143.461 145.883 0.38951 0.158045 21719 0.0468254 68819 0.0803557 19958 
0.0390958 0.0238724 4.67477 194.112 141.168 0.194066 0.0891929 24898 0.0228532 74536 0.044341 18282 
0.0113517 0.0246371 4.63268 237.637 95.4033 0.610298 0.0461218 90669 0.00013235 274740 7.27961e-05 17865 
0.0372026 0.0251639 4.41305 170.943 186.514 0.0141475 0.142168 8475 0.465133 35093 0.599179 13430 
0.0343945 0.0248049 4.66484 193.655 154.168 0.123762 0.0967567 28428 0.0198748 87730 0.0302747 17715 
0.0410015 0.0249098 4.91074 186.577 135.978 0.476859 0.0430479 59362 0.00466628 183010 0.00957871 18658 
0.0399657 0.0253245 5.03527 225.015 88.7266 0.199354 0.142919 22342 0.00555009 70192 0.0106707 18815 
0.0353496 0.0247517 4.78416 172.582 157.182 0.321077 0.277069 47509 0.0427077 148489 0.0670555 17993 
0.0309324 0.0246043 5.41753 173.669 107.242 0.562197 0.0986808 23026 0.00382177 69761 0.00507447 20896 
0.0378833 0.0253504 5.28661 225.182 74.2081 0.198087 0.127564 15509 0.00361081 48663 0.00632924 19770 
0.0402653 0.0240376 4.74705 200.989 141.174 0.0559161 0.126444 9606 0.0961899 31266 0.180931 17393 
0.0362945 0.0248377 4.35358 177.107 182.742 0.311109 0.104717 97568 0.0224561 302863 0.0370432 16457 
0.034196 0.0254943 4.39393 158.971 185.499 0.13208 0.129467 35911 0.0599538 116352 0.0862125 16014 
0.0386291 0.0245448 3.79618 220.413 216.4 0.0424125 0.0617639 85137 0.0801884 275151 0.141123 13937 
