0.362667 0.257563 10.6097 24.9531 14.444 0.00364337 0.244526 488 0.260246 2812 0.397937 3462 
0.371793 0.250598 10.539 20.1778 16.0558 0.0325143 0.38387 1543 0.261828 8883 0.42328 3444 
0.385533 0.251127 8.49864 34.5886 18.0914 0.000597514 0.118252 1652 0.198547 9289 0.356874 2815 
0.364093 0.247229 10.5555 19.9903 16.6413 0.0681714 0.863562 3379 0.300385 19440 0.463992 3452 
0.375402 0.249937 10.4903 19.4519 18.1695 0.0386514 0.633468 3422 0.452075 23113 0.636568 3139 
0.346574 0.250035 11.2028 27.5533 4.1871 0.270086 0.406016 3026 0.00165235 13582 0.00294507 4253 
0.382836 0.249751 9.49011 23.6257 16.4433 0.0409736 0.0508667 3712 0.0193966 17005 0.0421053 3557 
0.374341 0.251335 9.8637 21.3561 17.8247 0.0614812 0.305013 5270 0.122201 26985 0.225533 3452 
0.376408 0.246592 9.09884 23.7203 21.7368 0.0150128 0.0470554 4941 0.0904675 24010 0.178134 3290 
0.372186 0.251357 9.64084 20.6514 20.6837 0.0353906 0.0888107 5106 0.103016 25601 0.191672 3417 
0.400405 0.249546 10.019 25.5492 10.4759 0.144374 0.120737 4661 0.00429092 20964 0.0105419 3799 
0.378442 0.24936 9.48829 24.022 20.1029 0.0200678 0.200891 5902 0.181125 31931 0.324262 3215 
0.373627 0.24811 9.05505 24.7116 20.5637 0.0197365 0.107885 6641 0.0944135 32549 0.181265 3256 
0.361673 0.250212 9.25352 28.5745 15.6118 0.013791 0.518386 3896 0.104209 19217 0.185044 3313 
0.372013 0.2501 10.1802 23.0482 17.9401 0.0542668 0.266485 6711 0.0844882 32836 0.160921 3663 
0.363836 0.251507 10.5634 23.474 13.7363 0.14047 0.154791 6541 0.00963155 29855 0.0187238 3967 
0.369766 0.250913 8.93276 23.4913 20.5268 0.0270543 0.126896 7430 0.0913863 36665 0.170271 3197 
0.360709 0.253726 10.0344 19.4513 19.1106 0.0973872 0.126616 7159 0.0483308 34237 0.0880042 3659 
0.366374 0.251544 8.81656 26.7605 20.0152 0.0129799 0.130744 7193 0.0759071 34986 0.140599 3183 
0.36839 0.250714 8.39213 30.8884 15.8336 0.0143162 0.108996 7082 0.0142615 32342 0.0284769 3151 
0.365152 0.253417 8.91221 26.8837 20.9357 0.00929241 0.132635 7476 0.101525 37515 0.180941 3156 
0.378752 0.247845 9.51189 22.1708 18.6916 0.0193146 0.237965 2696 0.276706 15866 0.456259 3071 
0.388795 0.250653 11.3291 24.8794 11.1496 0.206435 0.315859 6944 0.00892857 31603 0.0202196 4263 
0.412756 0.24755 10.2029 33.7436 7.04231 0.0787564 0.225582 7728 0.001294 34204 0.00347913 3910 
0.367126 0.25259 10.9021 20.2074 14.1608 0.274355 1.01588 6899 0.0726192 33657 0.134712 3928 
0.377974 0.253028 10.1279 19.9651 18.1555 0.0503814 0.945345 5467 0.437168 37127 0.621758 3021 
0.368259 0.24997 9.34037 23.6218 19.9051 0.0386208 0.103786 8638 0.04978 40697 0.0962725 3440 
0.392616 0.248902 10.8564 30.5212 5.81808 0.251034 0.439859 8559 0.0012852 38174 0.00303872 4139 
0.380761 0.246498 10.2596 24.1779 15.014 0.107732 0.0701597 6913 0.00810068 30642 0.0179492 3929 
0.368074 0.247377 9.03405 28.1663 16.243 0.0148094 0.183622 3731 0.0528009 17384 0.103141 3352 
0.37689 0.251915 9.32666 21.3639 19.0675 0.0916415 0.28239 10634 0.0930976 53221 0.178501 3309 
0.378741 0.250665 9.67958 19.6747 19.6579 0.119767 0.2653 10342 0.115935 52774 0.220449 3395 
0.381584 0.249854 10.2789 20.2418 18.8896 0.0487493 0.163073 4016 0.143675 21094 0.269982 3544 
0.359827 0.244183 9.51186 22.6628 18.1262 0.0343738 0.155015 3272 0.0895477 15431 0.164474 3505 
0.390059 0.248627 11.1711 24.5599 11.6697 0.282174 1.03676 9519 0.0264734 43808 0.0597379 4176 
0.37679 0.250605 10.2995 25.0172 13.7179 0.147307 0.130816 9722 0.00627443 44040 0.0132834 3887 
0.331133 0.24983 12.5629 22.0539 8.56584 1.16238 1.72801 9860 0.00902637 44395 0.0146188 4760 
0.366604 0.253951 10.1802 22.419 18.8883 0.0554301 0.25019 8542 0.0812456 42277 0.148095 3635 
0.365707 0.250692 10.8232 18.9782 15.6106 0.439609 0.316546 10488 0.0248856 48367 0.0484214 4039 
0.380374 0.250501 10.3785 22.8082 17.2582 0.129566 0.556492 12856 0.0807405 63295 0.160692 3720 
0.378981 0.252094 9.83467 20.748 19.8474 0.0510371 0.535708 8246 0.31676 50950 0.498155 3088 
0.375904 0.25438 11.3044 17.4205 16.8206 0.259675 0.960669 7615 0.186999 42069 0.322898 3781 
0.37356 0.24885 10.5243 20.0324 17.885 0.220179 0.184622 11479 0.0343235 53044 0.0698665 3924 
0.375043 0.249695 9.87474 20.0178 18.8644 0.0915942 0.0647277 6242 0.0326818 28947 0.0668809 3673 
0.38489 0.249174 9.58535 27.239 14.6204 0.00563527 0.16343 884 0.133484 4604 0.258036 3322 
0.354102 0.251344 9.4876 26.2666 17.9938 0.0416198 0.127715 11441 0.0184424 52503 0.0336362 3551 
0.37355 0.24871 9.03863 24.5395 17.543 0.0828782 0.191707 12061 0.0298483 55422 0.0610949 3382 
0.39847 0.248523 9.50939 24.306 17.2523 0.0964929 0.100926 12119 0.0202162 55422 0.0482841 3569 
0.37605 0.248454 8.32695 26.2829 23.6559 0.0132123 0.054544 14068 0.0752772 67875 0.148965 3023 
0.377497 0.251315 10.7567 19.9416 18.5657 0.20656 0.0573422 13281 0.0126496 60852 0.0265891 4030 
0.371603 0.251187 10.4681 24.5345 15.0898 0.156361 2.02554 14568 0.101936 72858 0.189478 3716 
0.38744 0.250427 9.19628 30.6933 15.2353 0.0335027 0.156648 13378 0.0110629 60958 0.0248204 3458 
0.369982 0.250929 10.0359 22.5066 18.5295 0.117416 0.576126 15351 0.0962804 76129 0.178736 3581 
0.37556 0.250004 10.3086 21.5889 18.8771 0.139184 0.501349 15381 0.104089 77000 0.197935 3658 
0.373566 0.251215 9.02651 24.5761 21.6312 0.00599421 0.0537565 3089 0.150534 16220 0.269667 3112 
0.36996 0.25055 10.3796 28.9939 8.59173 0.271016 0.600859 13340 0.00292354 60167 0.00596673 3928 
0.368105 0.249345 8.98977 21.3107 20.388 0.0611631 0.186387 8959 0.10269 44262 0.189214 3216 
0.375479 0.251497 9.17305 22.4102 22.1673 0.0523311 0.099817 16482 0.0664361 80001 0.130236 3316 
0.373332 0.251699 10.1172 23.8109 18.8487 0.0873299 0.281204 16833 0.0509119 80383 0.100146 3694 
0.358826 0.250032 11.554 18.418 17.4897 0.147265 0.183622 4941 0.0550496 23271 0.10064 4256 
0.420212 0.249218 9.91276 25.564 12.6013 0.309851 0.113811 16856 0.00320361 75621 0.00888642 3765 
0.37278 0.25114 9.91411 28.2834 15.9631 0.00617585 0.302855 1959 0.159265 10353 0.28214 3405 
0.382719 0.249146 9.23977 22.496 21.067 0.0801026 0.0771721 17267 0.0370649 80496 0.0790101 3426 
0.377524 0.250528 9.4076 24.2443 20.0448 0.0688631 0.064804 18442 0.0180024 84619 0.0377929 3522 
0.362533 0.248732 9.65379 25.935 13.876 0.218877 0.241672 17680 0.00576923 79080 0.0113556 3674 
0.367768 0.251453 10.3868 22.5052 18.9155 0.0676862 0.0577937 9147 0.0180387 42106 0.0356006 3880 
0.374938 0.247161 9.8302 22.663 19.6066 0.119775 0.197797 17519 0.0469205 81363 0.0958175 3655 
0.349874 0.248222 9.67091 25.8878 16.1842 0.0859537 0.0607746 11931 0.00419076 53090 0.00768506 3693 
0.380174 0.250305 9.62432 23.1377 19.3904 0.077622 0.277054 14178 0.0817464 69797 0.162514 3450 
0.371498 0.251171 10.166 19.7358 17.1619 0.219538 0.570516 10158 0.088797 50155 0.167082 3637 
0.368766 0.250642 10.9008 24.0753 12.9078 0.472085 1.31407 20399 0.0203932 93705 0.0405741 4078 
0.376756 0.250895 10.6759 26.3832 9.31829 0.640081 0.57404 19860 0.00256798 89745 0.00544877 4035 
0.367694 0.250356 10.2078 22.0654 18.4188 0.124602 0.125022 12850 0.0231128 59076 0.0456531 3817 
0.376761 0.248747 8.67642 23.0476 23.3011 0.0519769 0.0930282 22841 0.0702246 109845 0.140015 3156 
0.369999 0.251134 10.0742 21.6167 18.5108 0.178069 0.0757332 17068 0.0113077 77922 0.0228049 3783 
0.376499 0.249172 10.1361 19.8379 18.7849 0.175865 0.365292 11815 0.0968261 58539 0.187089 3620 
0.369508 0.248919 9.94268 21.5326 17.239 0.2389 0.280916 15356 0.0289138 70475 0.0578361 3723 
0.367586 0.248452 9.99301 21.4965 19.5114 0.0959992 0.26357 11210 0.0833185 54104 0.156661 3627 
0.373082 0.24857 10.394 21.4681 18.7988 0.265391 0.30275 24635 0.0366146 113915 0.0742659 3874 
0.375945 0.248844 10.4938 20.2107 17.8201 0.275631 0.3445 15015 0.0495504 70615 0.100531 3870 
0.377595 0.250063 9.64617 20.7807 18.1906 0.37545 0.309013 26421 0.0297869 122511 0.0619046 3588 
0.37326 0.249725 8.98937 24.2416 20.7798 0.0821693 0.0533649 25453 0.0131222 115526 0.0271454 3389 
0.374168 0.25043 10.2253 21.6787 18.3443 0.265391 0.791707 25909 0.0781582 126434 0.151201 3685 
0.381275 0.249648 12.4077 18.1708 15.9817 0.590723 0.661939 12706 0.0605226 60961 0.124276 4519 
0.369059 0.248456 10.8207 18.3611 17.0918 0.903718 0.691873 25366 0.0405661 117486 0.0801883 4029 
0.369071 0.248744 11.9792 17.4922 15.4378 1.76724 1.41109 26780 0.0425691 124486 0.0838488 4450 
0.378702 0.252269 9.98351 22.8014 19.7487 0.0293925 0.28174 6664 0.197629 37068 0.344664 3327 
0.376905 0.248932 9.64911 28.645 13.7273 0.115437 0.132322 17728 0.00349729 79263 0.00750666 3673 
0.371718 0.253911 9.87908 24.0329 15.1231 0.00512997 0.395515 714 0.411765 4662 0.586658 3009 
0.376612 0.238916 11.415 20.0343 13.4227 0.0121015 0.64598 419 0.642005 3206 0.803805 3205 
0.365768 0.248676 9.57079 25.8948 14.7262 0.152682 0.142347 15053 0.00564671 67314 0.0113349 3643 
0.40611 0.250323 10.4266 26.2142 13.2655 0.282032 0.0854566 22115 0.00208004 99624 0.00527985 3949 
0.380023 0.252246 8.52437 28.8079 22.4105 0.0116187 0.0325527 19232 0.0222546 89602 0.0467065 3160 
0.374026 0.250149 10.0006 19.5251 18.1023 0.410885 0.396777 21030 0.0439848 98910 0.0882115 3687 
0.381985 0.258983 10.5309 20.457 16.0607 0.0175979 0.186977 1096 0.206204 6351 0.352071 3425 
0.375617 0.249206 9.53821 22.3948 21.6093 0.089711 0.124556 21946 0.0506243 103512 0.10221 3511 
0.378481 0.248867 9.91279 22.5778 19.5065 0.22017 0.497058 33397 0.0632392 159721 0.128105 3618 
0.388286 0.249574 10.0547 20.8961 15.472 0.879641 0.725965 31592 0.0240567 145636 0.05362 3754 
0.363654 0.250236 10.2577 20.7446 17.5342 0.549375 0.185603 32033 0.00936534 145078 0.0183281 3872 
0.364155 0.251669 9.23828 27.8873 15.1532 0.156632 0.292304 31700 0.00630915 144372 0.0123154 3474 
0.355694 0.250938 10.2844 28.5954 8.80045 0.737448 0.62184 35003 0.00114276 157916 0.00214038 3891 
0.379767 0.250244 9.75827 22.7812 18.676 0.242199 0.175841 31557 0.0176506 144574 0.037614 3657 
0.369103 0.249065 9.27681 27.1501 18.3978 0.0729015 0.0236523 24787 0.00229959 110734 0.004714 3533 
0.381691 0.253021 9.66294 22.0103 20.9655 0.0339639 0.0227382 7262 0.0245112 34087 0.0515739 3565 
0.372967 0.254223 9.57238 24.4803 13.7668 0.0542329 0.96651 4003 0.109918 20502 0.201151 3348 
0.372799 0.253696 10.9446 16.5051 17.309 0.162305 0.921926 4970 0.315694 30275 0.485252 3463 
0.357864 0.25094 9.81864 22.3619 18.1772 0.285833 0.0926193 29997 0.00576724 135899 0.0108978 3705 
0.377055 0.2497 11.1928 20.1303 15.8653 0.684374 0.139871 22093 0.00665369 99590 0.0141781 4238 
0.382376 0.250413 9.13917 21.7853 20.7969 0.0675859 0.0843627 12165 0.0515413 58056 0.107103 3339 
0.373235 0.249926 9.84338 23.3281 18.0287 0.293994 0.78151 38012 0.0460644 178876 0.0918961 3628 
0.371929 0.249805 8.74084 26.8279 20.8969 0.000599086 0.14698 1299 0.722094 10353 0.84391 2403 
0.379437 0.252365 10.074 26.6477 15.7837 0.0857397 0.226339 15432 0.0154225 71387 0.0324849 3751 
0.353918 0.25054 12.8 16.3933 12.0755 3.40681 1.39515 17309 0.0163499 78919 0.0299801 4811 
0.380804 0.250028 10.4692 20.6804 17.7547 0.443797 0.493455 27586 0.0405641 129630 0.0848029 3862 
0.36509 0.252398 8.8501 25.1702 20.236 0.0120339 0.150655 5191 0.128492 26532 0.224747 3100 
0.385496 0.249279 10.8425 17.7887 17.1566 1.3857 0.579286 34863 0.0321257 161890 0.0699055 4030 
0.375955 0.249352 12.0837 16.9534 14.5891 0.00268026 1.01551 679 0.958763 6337 0.980275 3084 
0.386398 0.250416 10.8392 21.3067 14.4122 0.850914 0.166571 26163 0.00431908 118188 0.00971334 4098 
0.364504 0.249057 9.47164 20.2726 20.9315 0.316554 0.18418 37428 0.0277867 171425 0.054047 3551 
0.381859 0.250113 8.80814 25.9911 14.693 0.0564987 0.0614728 5975 0.00736402 27034 0.0160908 3327 
0.369036 0.250904 8.5719 26.922 22.7542 0.00887456 0.204481 11612 0.211591 63745 0.352843 2879 
0.364961 0.249818 10.2252 21.2203 18.4902 0.503085 0.268847 41591 0.0150994 188993 0.0296836 3852 
0.37184 0.249559 10.3726 28.7396 11.7627 0.413543 0.393646 40734 0.00206216 182481 0.00428538 3943 
0.3641 0.250134 10.7939 19.5808 16.3455 0.628872 0.117487 20221 0.00613224 91243 0.0120776 4084 
0.369607 0.249648 8.9852 21.7791 22.2587 0.0241787 0.157013 7353 0.216102 40374 0.36152 3018 
0.377322 0.249705 10.1074 20.2042 18.6786 0.601543 0.446399 41036 0.033166 190591 0.0687021 3756 
0.377895 0.251341 10.7362 20.9189 16.8443 0.711722 0.886631 38872 0.0350895 182625 0.072104 3960 
0.374772 0.24857 10.5313 20.4059 16.2386 0.20348 0.337637 7791 0.0508279 36611 0.102483 3886 
0.355299 0.25101 10.2734 23.0777 14.5059 0.0516683 1.04058 3081 0.164557 15880 0.269144 3581 
0.371717 0.249424 10.3369 23.1397 14.4132 0.383983 0.723394 18411 0.0224322 84225 0.0456159 3878 
0.373973 0.249489 9.52731 24.406 20.39 0.0774739 0.331015 23987 0.0756243 116173 0.147237 3450 
0.375256 0.254351 10.5105 20.7402 16.5211 0.0325382 0.661265 2539 0.341867 15935 0.517603 3271 
0.37979 0.250452 9.68572 21.01 20.4722 0.2865 0.166548 38234 0.0273055 177321 0.057489 3602 
0.357349 0.249579 10.4417 20.2821 13.7401 2.05298 0.53745 40279 0.00506467 180892 0.00962453 3963 
0.375649 0.248807 10.4442 20.0299 16.7402 0.934188 0.901603 36593 0.0353073 169386 0.0726506 3890 
0.371371 0.249483 9.50963 24.4377 17.7293 0.0238397 0.253557 4034 0.122459 20402 0.224782 3354 
0.368987 0.250465 9.46648 23.4876 18.3074 0.0849406 0.275074 12570 0.0509149 59473 0.0984817 3477 
0.335817 0.248851 10.2744 22.4252 14.2538 0.183324 0.229661 6864 0.0119464 30801 0.0199669 3902 
0.439843 0.248145 11.222 28.4695 6.3742 0.242469 0.106598 5563 0.000719036 24694 0.00226776 4292 
0.373378 0.247246 9.60924 23.7546 18.2148 0.142021 0.119647 18730 0.0153764 84003 0.0322131 3652 
0.379509 0.248941 9.89494 20.9124 20.3188 0.116802 0.081573 13939 0.0344358 64616 0.0724124 3682 
0.376564 0.249618 9.93422 21.906 19.1838 0.0854643 0.108423 10144 0.0389393 47375 0.0798522 3679 
0.378069 0.250853 9.79861 20.1133 20.2453 0.370065 0.160059 37680 0.0236996 174344 0.0494998 3649 
0.378183 0.250118 10.3088 20.54 18.6061 0.229423 0.250365 17149 0.0439093 80816 0.0901059 3796 
0.383352 0.250357 11.0758 24.3873 10.567 1.78558 0.540522 45136 0.00179458 203163 0.0039771 4197 
0.369538 0.253383 10.6755 24.7399 13.628 0.0539817 0.105676 3597 0.0122324 16654 0.0242584 3972 
0.373415 0.252031 10.4343 26.1692 12.6925 0.0983983 0.639857 7197 0.0272336 33603 0.0548165 3863 
0.383918 0.250848 9.46829 24.3273 19.6553 0.192063 0.0880087 47812 0.00907722 217760 0.0199486 3561 
0.370514 0.249199 9.89555 25.2934 15.2376 0.50061 0.160989 49039 0.00250821 219311 0.00517986 3766 
0.378613 0.252042 9.8766 22.4686 17.5644 0.0669611 0.608429 7645 0.162459 41092 0.29305 3358 
0.360503 0.249736 9.89744 19.0499 17.7945 1.22096 0.0896947 48605 0.00312725 218129 0.00606063 3758 
0.393638 0.250075 9.26313 27.2552 18.3041 0.0330245 0.062273 11929 0.0178556 54791 0.0412477 3466 
0.34613 0.250413 9.19705 24.7285 18.5265 0.188388 0.026693 38110 0.00123327 171385 0.00218806 3487 
0.337181 0.250715 9.29467 33.184 12.394 0.0231069 0.376934 8531 0.00855703 38621 0.0142927 3509 
0.386574 0.250413 10.6116 23.5167 15.3635 0.503395 0.305513 34308 0.00874432 155842 0.0195775 3998 
0.370911 0.250323 8.51749 29.0034 22.1965 0.0144351 0.0221787 21461 0.0104841 97441 0.021377 3210 
0.373101 0.250026 9.76517 21.7945 17.11 0.218349 0.962769 16170 0.094496 79964 0.179243 3491 
0.382287 0.248054 9.44822 28.1836 11.9944 0.0825464 0.132586 7121 0.00477461 31730 0.0106209 3605 
0.369949 0.24838 9.31316 24.8923 18.0439 0.0924573 0.207709 16380 0.0271673 74821 0.054744 3498 
0.364789 0.249154 8.16559 27.9974 24.0633 0.0220634 0.0103422 38247 0.00481083 171365 0.00958189 3104 
0.416906 0.250082 10.4536 30.0304 10.609 0.503505 0.125056 52233 0.000478625 234400 0.00130119 3969 
0.369383 0.249969 11.6115 19.5983 16.5497 0.71195 0.367934 24372 0.0184638 111319 0.0370826 4360 
0.384567 0.250407 8.80626 24.5395 20.2653 0.0383776 0.0886673 11987 0.0466339 56959 0.0986148 3226 
0.375309 0.250966 10.773 16.4574 17.6707 1.24462 0.693771 27414 0.0511782 130587 0.102123 3940 
0.37242 0.250348 9.48327 25.786 19.4674 0.0121071 0.152337 4600 0.125217 23453 0.229438 3328 
0.381272 0.249815 9.51713 18.7072 20.3117 0.65648 0.0723457 45404 0.00964673 205615 0.0209858 3593 
0.380895 0.250696 10.6356 19.8464 18.3967 0.232339 0.101037 13805 0.0212242 63690 0.045219 3968 
0.358744 0.245599 9.97702 25.277 13.1351 0.0599571 0.531884 3218 0.0512741 14746 0.0962973 3742 
0.377437 0.248159 9.52594 23.5947 19.4241 0.105226 0.350879 19773 0.0718151 95020 0.143875 3467 
0.375102 0.251133 9.55246 18.8992 19.8799 0.0634448 0.284809 5600 0.234821 31819 0.392344 3145 
0.356058 0.249059 9.20542 23.6976 20.8867 0.157108 0.0232832 42024 0.00264135 187723 0.00500738 3506 
0.374373 0.248819 10.8459 18.074 17.3241 0.16796 0.822196 5953 0.241895 33694 0.403959 3580 
0.384442 0.251698 9.4523 24.588 18.9555 0.159904 0.129146 37030 0.0132595 170363 0.0289382 3532 
0.368592 0.249785 10.0459 23.2678 15.6312 0.842711 0.651733 56523 0.00994286 255607 0.0200738 3796 
0.373714 0.249839 9.46085 26.6027 18.4286 0.109278 0.154521 34052 0.0118936 154463 0.0246855 3568 
0.381599 0.248504 10.3566 21.1325 17.4382 0.275458 0.255153 16641 0.031188 76731 0.0667657 3867 
0.372835 0.250884 8.42671 23.4253 24.5103 0.0259261 0.110348 20021 0.137556 103589 0.248984 2931 
0.371086 0.249486 9.8563 27.1338 15.3783 0.0567387 0.193643 9341 0.0168076 42488 0.034245 3711 
0.367623 0.249406 9.55216 26.5926 15.8153 0.207619 0.128401 32761 0.00357132 146842 0.00723226 3630 
0.378904 0.243454 8.13947 26.8468 24.0243 0.00467398 0.0499088 5774 0.204884 31273 0.36741 2759 
0.3877 0.248135 10.979 21.6488 15.8479 0.332491 0.0940078 14832 0.00761866 66389 0.0174276 4177 
0.380706 0.250339 9.22689 23.9261 20.2858 0.0195707 0.0648673 5395 0.0713624 26279 0.143841 3329 
0.380063 0.250314 9.48251 24.5768 18.7403 0.0759712 0.143805 15999 0.0293143 74319 0.0617204 3523 
0.378764 0.247944 10.2458 21.565 17.888 0.139954 0.503305 11163 0.104273 55559 0.203315 3650 
0.373558 0.249343 9.8447 23.6316 16.6522 0.640738 0.493887 59840 0.011113 270415 0.0231311 3722 
0.377111 0.250437 9.66322 20.115 20.2929 0.291571 0.222366 30145 0.0412009 141808 0.084156 3562 
0.369582 0.250641 9.71238 23.7553 17.679 0.451342 0.320683 58897 0.0101363 267773 0.0204763 3657 
0.375312 0.253436 10.1471 20.1006 18.922 0.0162645 0.308231 2263 0.440566 15269 0.620669 3037 
0.372578 0.250121 9.84845 21.8884 19.1545 0.5044 0.310013 58984 0.0177336 269630 0.0362756 3696 
0.37443 0.249456 9.88052 22.2267 17.7678 0.353352 0.221775 30946 0.0148323 140528 0.0308835 3724 
0.378481 0.250483 11.0594 19.0589 16.0013 0.658226 0.554317 17747 0.0352172 83013 0.0729404 4091 
0.365309 0.248401 11.2219 17.0454 17.1574 0.528697 0.345019 10917 0.0456169 50707 0.0879169 4171 
0.378136 0.250037 11.4097 18.5655 13.3278 0.24118 0.634207 3062 0.0845852 15069 0.166169 4091 
0.361509 0.249762 9.35619 28.0156 13.9259 0.325598 0.0376572 46207 0.000346268 206858 0.000676793 3558 
0.375316 0.249977 9.17906 25.8788 20.2507 0.120656 0.0163341 49251 0.00176646 221135 0.0037398 3484 
0.35114 0.249518 8.88212 27.3251 14.5914 0.193658 0.244629 27168 0.00430654 121846 0.00789521 3374 
0.405602 0.24977 10.2213 32.3638 6.77239 0.220683 0.390149 15556 0.000964258 69725 0.00245249 3884 
0.373514 0.24847 9.83333 27.7295 14.7281 0.0786298 0.173815 12189 0.0093527 54694 0.0196 3735 
0.372961 0.251465 10.1589 22.9122 19.5677 0.242144 0.288815 43101 0.0265423 200420 0.0534977 3771 
0.371309 0.249148 9.26235 23.2182 20.4992 0.157074 0.253309 35266 0.0391028 163894 0.078081 3441 
0.375599 0.249807 9.22459 21.1869 20.49 0.361972 0.233937 49520 0.0276656 228589 0.0570675 3441 
0.373413 0.25008 10.5078 19.2105 17.5387 0.760777 0.489027 30732 0.0297735 142294 0.0604312 3912 
0.367045 0.250209 9.66285 19.5257 18.3847 0.467249 0.359565 25425 0.0328417 117896 0.0640649 3594 
0.37207 0.249341 9.46676 22.0304 21.3001 0.111751 0.118916 22944 0.0385286 106717 0.0772229 3515 
0.369747 0.24704 9.92983 25.0905 14.1671 0.201928 0.649822 13645 0.024258 61662 0.0493497 3756 
0.371078 0.250625 8.52759 23.5728 22.0244 0.119269 0.0352947 44042 0.00765179 199731 0.015636 3216 
0.387131 0.250337 13.0255 18.4526 14.0527 0.883963 0.246892 12222 0.0120275 55726 0.0269174 4896 
0.36319 0.250535 11.5277 21.2758 11.7694 1.05768 0.940239 16820 0.0110583 76432 0.0215093 4342 
0.375118 0.251242 10.3235 17.1919 18.4754 0.580816 0.0660062 18198 0.0098912 83064 0.0205745 3877 
0.364134 0.251336 10.8025 25.6732 11.3725 0.175989 0.312745 7797 0.00692574 35461 0.013536 4066 
0.370517 0.249296 10.1178 22.603 14.435 0.738149 0.156822 30390 0.00292859 136049 0.00604194 3848 
0.358627 0.250226 9.86124 27.8365 11.7916 0.638192 0.235136 51696 0.000870474 232185 0.00166677 3742 
0.386829 0.247802 10.7446 19.1001 17.8748 0.314724 0.165602 12538 0.0343755 57939 0.0757693 4007 
0.374136 0.250914 10.1729 20.2313 18.3776 0.116885 0.229855 8102 0.0734387 39445 0.142375 3671 
0.366709 0.250173 10.0956 24.0175 16.498 0.48995 0.348465 49818 0.00808945 225330 0.0161452 3814 
0.379856 0.248796 9.90054 22.8206 16.6517 0.0452916 0.102702 3502 0.0431182 16385 0.0900214 3663 
0.380737 0.252547 9.20093 28.566 21.1892 0.00923835 0.0238767 10681 0.0187248 49660 0.0395489 3415 
0.376101 0.250512 10.8401 17.0827 18.7344 0.821106 0.517502 27422 0.057618 131262 0.114961 3953 
0.382143 0.250176 12.0091 15.5361 14.5574 2.38217 0.681854 18182 0.0255747 84091 0.0547621 4474 
0.413253 0.247068 9.88651 31.7682 10.0242 0.0766725 0.203468 9497 0.00326419 42054 0.00879821 3788 
0.370946 0.2489 8.45547 28.9997 19.7342 0.022196 0.207982 17373 0.0487538 81420 0.0963277 3125 
0.386799 0.251437 10.1181 19.9485 19.4304 0.208129 0.0389619 16704 0.0110752 76558 0.0246088 3790 
0.373655 0.249691 10.658 26.8791 13.3117 0.0995362 0.540059 9305 0.022461 42657 0.046112 3993 
0.373833 0.252989 8.71185 25.6772 20.4644 0.0100747 0.309391 6414 0.271126 37715 0.434416 2812 
0.377275 0.249885 10.2365 21.2834 19.168 0.117806 0.367325 12917 0.104204 64768 0.199883 3629 
0.376231 0.250617 9.82375 20.4493 20.5592 0.307176 0.196915 36826 0.0325042 171711 0.0666294 3641 
0.36549 0.250333 10.4215 24.4193 13.0053 0.519635 0.655551 24525 0.00848114 111063 0.0167833 3934 
0.384131 0.250233 8.97049 22.256 21.2786 0.364828 0.0540441 78997 0.0063167 357296 0.0139968 3389 
0.374546 0.249888 9.50533 23.8415 18.9732 0.39564 0.117001 70530 0.00540196 317780 0.0113443 3600 
0.370771 0.251113 8.92362 33.0507 12.9181 0.115411 0.0616621 47401 0.000421932 213955 0.000864668 3375 
0.36026 0.251248 11.2054 24.9787 13.3169 0.0471406 0.329904 2942 0.0377294 13747 0.0701244 4147 
0.414844 0.252629 10.4589 22.7356 16.5657 0.0942026 0.0171945 7688 0.00520291 35303 0.0136532 3912 
0.378367 0.252465 10.368 20.2159 17.7656 0.0369096 0.185897 2543 0.16044 13661 0.289144 3526 
0.369764 0.246641 10.4798 21.0556 16.3995 0.179269 1.23894 8913 0.161674 46068 0.287597 3650 
0.376852 0.251159 9.66433 21.3522 18.1708 0.283959 0.243305 23748 0.0256022 110263 0.0529008 3591 
0.390984 0.249346 10.0246 25.8724 15.9051 0.628842 0.149536 84489 0.00227249 378319 0.00529976 3812 
0.381251 0.250825 9.9798 21.4256 17.7256 0.223684 0.0651047 16556 0.00887896 75353 0.0192162 3755 
0.365281 0.251011 10.4732 20.0825 16.2302 0.319198 0.332579 11901 0.0287371 55180 0.055473 3895 
0.385241 0.249934 10.7871 17.9843 16.5779 1.57942 0.502821 36439 0.0212684 167591 0.0466552 4033 
0.37323 0.245574 8.66851 26.5068 21.6202 0.00754778 0.0373834 4493 0.0712219 21216 0.141591 3191 
0.395053 0.249911 11.8539 22.3549 10.7249 0.565585 0.725097 8938 0.014209 40826 0.0332876 4451 
0.363097 0.252603 10.49 24.224 14.9238 0.049202 0.62929 4230 0.092435 20930 0.165026 3747 
0.372403 0.250342 11.2907 20.6082 16.2411 1.77693 1.2561 73450 0.0194418 336782 0.0396072 4229 
0.376734 0.249402 10.0762 23.1489 17.0341 0.126187 0.0283003 11435 0.00402274 51300 0.00859649 3827 
0.375702 0.250573 9.04251 23.6584 23.0979 0.0348951 0.0829215 18356 0.0706036 89069 0.138634 3270 
0.366515 0.25122 9.38401 24.0192 20.2844 0.00630035 0.154528 2424 0.294554 14158 0.454725 3041 
0.373469 0.249693 8.37469 23.9502 22.5353 0.112154 0.0342088 49767 0.00831877 224670 0.0173232 3168 
0.372827 0.249713 10.752 24.2895 13.9999 0.757142 1.2162 43674 0.0138068 198346 0.0284705 4052 
0.374149 0.250066 10.5563 17.6942 18.3659 0.305493 0.588884 11591 0.130964 59491 0.24086 3690 
0.384206 0.250352 9.77045 21.0399 21.402 0.422358 0.0544613 69981 0.00754491 317218 0.0166888 3686 
0.376948 0.250822 9.35976 24.6983 19.2283 0.028833 0.302552 8134 0.138677 42382 0.255486 3242 
0.375657 0.249406 10.3293 19.7983 17.8783 1.26513 1.41553 64232 0.0484338 302583 0.0979335 3805 
0.365742 0.24968 11.3406 20.1923 14.5242 1.02191 1.01366 24358 0.0230725 111486 0.0452433 4253 
0.380814 0.250194 9.45866 23.1705 18.0931 0.59624 0.110466 72855 0.00391188 328415 0.0085258 3581 
0.375166 0.250407 9.59203 24.2319 20.7584 0.29488 0.249734 93587 0.0171498 428485 0.0355742 3596 
0.360238 0.250137 12.1614 16.8763 15.4209 0.991657 1.10058 13576 0.0581909 64210 0.106837 4468 
0.371437 0.249205 9.54837 23.6997 20.5759 0.142523 0.115425 36064 0.0179681 163986 0.0366983 3596 
0.370961 0.249808 8.85102 27.4703 19.0717 0.0382295 0.126495 17548 0.0229656 80482 0.0463706 3315 
0.392738 0.247895 10.4559 20.7899 15.4112 0.419459 0.173649 13548 0.0138766 61108 0.0324671 3959 
0.382622 0.249357 11.4138 16.3986 16.2915 1.15895 0.604499 16926 0.04756 79966 0.09998 4197 
0.370623 0.247703 9.9383 22.457 16.5909 0.289083 0.919762 19685 0.0590297 92617 0.115951 3665 
0.311967 0.248649 9.78659 34.397 4.45008 0.332055 0.155674 20924 9.5584e-05 93022 0.000139752 3739 
0.38155 0.251229 8.81386 23.2474 22.8636 0.0659808 0.0856045 29589 0.0466052 140972 0.0965298 3223 
0.378831 0.25257 8.25391 27.8913 22.3184 0.000619392 0.0154819 981 0.195719 5455 0.341705 2751 
0.377848 0.249122 9.59211 22.0612 18.4092 0.387462 0.241619 37860 0.0177232 172270 0.0375922 3611 
0.440793 0.249696 9.77438 28.4238 11.4205 0.846324 0.0717637 70968 0.000352271 317717 0.0011079 3717 
0.344828 0.249627 10.7078 20.4474 18.0481 1.75417 0.0738246 104855 0.00102999 469250 0.00182206 4073 
0.368236 0.251056 9.31973 22.0705 20.6112 0.0552505 0.178729 10874 0.088284 53460 0.163599 3343 
0.376015 0.248027 9.01331 26.0758 19.0486 0.0555902 0.334864 17410 0.0659966 82987 0.132165 3297 
0.372153 0.251369 9.58726 23.1806 20.4373 0.360419 0.0786947 83253 0.00510492 378234 0.0104803 3611 
0.35114 0.249918 10.3596 23.4079 15.5213 0.416708 0.203632 28146 0.00479642 126585 0.00876881 3928 
0.372657 0.250619 10.4219 21.8801 18.6707 0.315287 0.161644 33065 0.013791 150953 0.0282605 3914 
0.380834 0.250386 8.76114 22.9416 18.3639 0.558015 0.168465 69608 0.00692449 315255 0.0150228 3307 
0.3776 0.250498 9.81186 22.6272 19.5594 0.154557 0.159927 24658 0.0276989 114352 0.0575591 3649 
0.375296 0.24811 10.4411 22.5245 14.7614 0.165379 1.91295 8240 0.157524 43098 0.286255 3610 
0.375071 0.249708 11.225 16.9329 16.2608 4.23343 0.409273 67941 0.00715327 306397 0.0150556 4249 
0.369657 0.244923 10.8186 23.9157 14.3092 0.127623 0.385988 6272 0.0330038 28268 0.0672846 4101 
0.369046 0.249506 8.75859 22.066 20.8175 0.526177 0.0714202 93932 0.00447132 421697 0.00911792 3325 
0.320882 0.248747 9.40429 31.974 12.1574 0.0133498 0.227085 3177 0.0110167 14216 0.0168824 3578 
0.384609 0.24962 8.74421 29.7642 16.2302 0.0390782 0.132436 15342 0.011537 69589 0.0255644 3298 
0.374602 0.249506 9.66566 31.0581 11.1745 0.174711 0.244959 26438 0.00162645 118351 0.00343892 3676 
0.37295 0.250319 9.19369 22.4446 19.0336 0.191682 0.248683 25540 0.0315975 118621 0.0637577 3416 
0.375723 0.250413 10.8502 20.3795 17.2833 0.51304 0.470666 26380 0.0313874 122690 0.0643084 4028 
0.374023 0.251471 10.3378 23.1539 16.0685 0.563356 0.352474 43424 0.00884304 198224 0.0182723 3882 
0.345412 0.249569 9.76244 29.3714 8.93102 0.161734 0.568712 9221 0.00390413 41344 0.00691757 3709 
0.38196 0.250489 8.83886 23.7428 20.7728 0.331914 0.180471 93558 0.0140982 427650 0.0305109 3317 
0.387355 0.249566 10.137 20.8967 18.5753 0.28558 0.0653804 21938 0.0102562 99357 0.0231388 3827 
0.372183 0.249078 9.78305 23.992 19.4507 0.409625 0.193436 83022 0.00872058 373554 0.0180804 3709 
0.359523 0.252759 9.96195 25.9278 15.3722 0.0888968 0.117313 12098 0.00677798 55460 0.012784 3730 
0.370851 0.25108 9.10752 23.875 19.3756 0.0374559 0.157883 8322 0.0675318 40205 0.129362 3302 
0.370089 0.25064 10.8049 21.4537 17.0679 0.882406 0.141698 55135 0.00384511 249048 0.00784186 4085 
0.352562 0.249764 9.57688 28.9067 15.9658 0.292118 0.259643 86382 0.00237318 387371 0.00438856 3638 
0.368115 0.252894 9.9007 22.2312 19.1998 0.0384549 0.24186 6171 0.124939 31644 0.221811 3461 
0.351326 0.250523 9.55159 25.7353 16.0159 0.0644723 0.153038 9097 0.0133011 41350 0.0240871 3597 
0.378375 0.248592 9.59518 23.7245 18.0234 0.118564 0.309106 16082 0.0465116 75386 0.0960656 3546 
0.383489 0.251506 8.33799 28.3351 19.7067 0.0460349 0.0849223 32785 0.0129327 150581 0.0281111 3119 
0.347107 0.250133 10.4578 23.6065 12.7495 0.760901 0.162026 27113 0.00143842 121747 0.00257091 3969 
0.393206 0.249157 11.2646 19.384 16.5928 0.0428468 0.201923 1694 0.206612 9697 0.381974 3694 
0.36918 0.254257 10.9294 16.78 16.9797 0.428432 1.20397 10725 0.160466 57165 0.275833 3733 
0.37621 0.25104 9.94348 20.6738 18.5066 0.449493 0.29744 34303 0.0243419 158912 0.0502165 3700 
0.390343 0.251342 9.69675 28.892 11.7834 0.00611452 0.302249 747 0.103079 3828 0.209248 3392 
