0.362667 0.257563 10.6097 24.9531 15.033 0.00313047 0.197488 488 0.260246 2812 0.397937 3462 
0.371793 0.250598 10.539 20.1778 15.5719 0.0367063 0.459538 1543 0.261828 8883 0.42328 3444 
0.385533 0.251127 8.49864 34.5886 18.715 0.000510897 0.09298 1652 0.198547 9289 0.356874 2815 
0.364093 0.247229 10.5555 19.9903 16.9634 0.0629532 0.767999 3379 0.300385 19440 0.463992 3452 
0.375402 0.249937 10.4903 19.4519 18.751 0.0334231 0.509239 3422 0.452075 23113 0.636568 3139 
0.346574 0.250035 11.2028 27.5533 4.68698 0.238354 0.341433 3026 0.00165235 13582 0.00294507 4253 
0.382836 0.249751 9.49011 23.6257 17.0544 0.0351734 0.0402549 3712 0.0193966 17005 0.0421053 3557 
0.374341 0.251335 9.8637 21.3561 18.286 0.0547509 0.25664 5270 0.122201 26985 0.225533 3452 
0.376408 0.246592 9.09884 23.7203 21.3961 0.0163285 0.053494 4941 0.0904675 24010 0.178134 3290 
0.372186 0.251357 9.64084 20.6514 19.8383 0.0437693 0.121649 5106 0.103016 25601 0.191672 3417 
0.400405 0.249546 10.019 25.5492 10.421 0.146365 0.12342 4661 0.00429092 20964 0.0105419 3799 
0.378442 0.24936 9.48829 24.022 20.7564 0.0170505 0.156879 5902 0.181125 31931 0.324262 3215 
0.373627 0.24811 9.05505 24.7116 20.6631 0.0192558 0.103952 6641 0.0944135 32549 0.181265 3256 
0.361673 0.250212 9.25352 28.5745 15.9576 0.0126479 0.457441 3896 0.104209 19217 0.185044 3313 
0.372013 0.2501 10.1802 23.0482 18.4657 0.0475831 0.219162 6711 0.0844882 32836 0.160921 3663 
0.363836 0.251507 10.5634 23.474 14.0534 0.129702 0.137922 6541 0.00963155 29855 0.0187238 3967 
0.369766 0.250913 8.93276 23.4913 20.0343 0.0306134 0.152247 7430 0.0913863 36665 0.170271 3197 
0.360709 0.253726 10.0344 19.4513 19.285 0.0931718 0.118896 7159 0.0483308 34237 0.0880042 3659 
0.366374 0.251544 8.81656 26.7605 20.208 0.0123654 0.121826 7193 0.0759071 34986 0.140599 3183 
0.36839 0.250714 8.39213 30.8884 16.3758 0.0124967 0.0892627 7082 0.0142615 32342 0.0284769 3151 
0.365152 0.253417 8.91221 26.8837 19.8193 0.0123311 0.199392 7476 0.101525 37515 0.180941 3156 
0.378752 0.247845 9.51189 22.1708 17.9084 0.0234526 0.320145 2696 0.276706 15866 0.456259 3071 
0.388795 0.250653 11.3291 24.8794 11.6571 0.181774 0.259295 6944 0.00892857 31603 0.0202196 4263 
0.412756 0.24755 10.2029 33.7436 6.19451 0.0971477 0.320096 7728 0.001294 34204 0.00347913 3910 
0.367126 0.25259 10.9021 20.2074 13.5371 0.32117 1.2773 6899 0.0726192 33657 0.134712 3928 
0.377974 0.253028 10.1279 19.9651 18.822 0.042563 0.73483 5467 0.437168 37127 0.621758 3021 
0.368259 0.24997 9.34037 23.6218 20.3976 0.0341474 0.0865715 8638 0.04978 40697 0.0962725 3440 
0.392616 0.248902 10.8564 30.5212 5.4174 0.277361 0.514796 8559 0.0012852 38174 0.00303872 4139 
0.380761 0.246498 10.2596 24.1779 15.4867 0.0958822 0.0586025 6913 0.00810068 30642 0.0179492 3929 
0.368074 0.247377 9.03405 28.1663 15.6452 0.0171694 0.22881 3731 0.0528009 17384 0.103141 3352 
0.37689 0.251915 9.32666 21.3639 19.0515 0.0920136 0.284107 10634 0.0930976 53221 0.178501 3309 
0.378741 0.250665 9.67958 19.6747 20.2364 0.103599 0.213097 10342 0.115935 52774 0.220449 3395 
0.381584 0.249854 10.2789 20.2418 18.5491 0.0530783 0.1857 4016 0.143675 21094 0.269982 3544 
0.359827 0.244183 9.51186 22.6628 19.7715 0.023001 0.085755 3272 0.0895477 15431 0.164474 3505 
0.390059 0.248627 11.1711 24.5599 11.0565 0.328646 1.31691 9519 0.0264734 43808 0.0597379 4176 
0.37679 0.250605 10.2995 25.0172 13.616 0.151119 0.135939 9722 0.00627443 44040 0.0132834 3887 
0.331133 0.24983 12.5629 22.0539 9.12701 1.01032 1.43498 9860 0.00902637 44395 0.0146188 4760 
0.366604 0.253951 10.1802 22.419 18.9767 0.0541996 0.242212 8542 0.0812456 42277 0.148095 3635 
0.365707 0.250692 10.8232 18.9782 16.2111 0.378164 0.254128 10488 0.0248856 48367 0.0484214 4039 
0.380374 0.250501 10.3785 22.8082 17.6243 0.118211 0.484144 12856 0.0807405 63295 0.160692 3720 
0.378981 0.252094 9.83467 20.748 20.188 0.0468374 0.47083 8246 0.31676 50950 0.498155 3088 
0.375904 0.25438 11.3044 17.4205 17.546 0.21592 0.731396 7615 0.186999 42069 0.322898 3781 
0.37356 0.24885 10.5243 20.0324 17.9895 0.214526 0.177552 11479 0.0343235 53044 0.0698665 3924 
0.375043 0.249695 9.87474 20.0178 18.753 0.0941776 0.0674892 6242 0.0326818 28947 0.0668809 3673 
0.38489 0.249174 9.58535 27.239 15.6063 0.00440787 0.111824 884 0.133484 4604 0.258036 3322 
0.354102 0.251344 9.4876 26.2666 18.6104 0.0356446 0.102664 11441 0.0184424 52503 0.0336362 3551 
0.37355 0.24871 9.03863 24.5395 17.7421 0.0788733 0.177963 12061 0.0298483 55422 0.0610949 3382 
0.39847 0.248523 9.50939 24.306 17.4468 0.0919385 0.0933976 12119 0.0202162 55422 0.0482841 3569 
0.37605 0.248454 8.32695 26.2829 23.8 0.0127476 0.0516668 14068 0.0752772 67875 0.148965 3023 
0.377497 0.251315 10.7567 19.9416 18.6168 0.203923 0.056246 13281 0.0126496 60852 0.0265891 4030 
0.371603 0.251187 10.4681 24.5345 15.4814 0.14171 1.75118 14568 0.101936 72858 0.189478 3716 
0.38744 0.250427 9.19628 30.6933 15.3495 0.0325583 0.149869 13378 0.0110629 60958 0.0248204 3458 
0.369982 0.250929 10.0359 22.5066 18.0861 0.131234 0.678836 15351 0.0962804 76129 0.178736 3581 
0.37556 0.250004 10.3086 21.5889 18.6055 0.148964 0.555191 15381 0.104089 77000 0.197935 3658 
0.373566 0.251215 9.02651 24.5761 22.6892 0.00459519 0.0362063 3089 0.150534 16220 0.269667 3112 
0.36996 0.25055 10.3796 28.9939 8.6688 0.265833 0.583968 13340 0.00292354 60167 0.00596673 3928 
0.368105 0.249345 8.98977 21.3107 20.5326 0.058997 0.176725 8959 0.10269 44262 0.189214 3216 
0.375479 0.251497 9.17305 22.4102 21.2025 0.0667017 0.143394 16482 0.0664361 80001 0.130236 3316 
0.373332 0.251699 10.1172 23.8109 18.4632 0.0962277 0.32473 16833 0.0509119 80383 0.100146 3694 
0.358826 0.250032 11.554 18.418 16.477 0.189697 0.264077 4941 0.0550496 23271 0.10064 4256 
0.420212 0.249218 9.91276 25.564 13.3982 0.254036 0.0814222 16856 0.00320361 75621 0.00888642 3765 
0.37278 0.25114 9.91411 28.2834 15.9581 0.00618368 0.303425 1959 0.159265 10353 0.28214 3405 
0.382719 0.249146 9.23977 22.496 20.5962 0.0900714 0.0924085 17267 0.0370649 80496 0.0790101 3426 
0.377524 0.250528 9.4076 24.2443 19.7259 0.0745904 0.0730948 18442 0.0180024 84619 0.0377929 3522 
0.362533 0.248732 9.65379 25.935 13.4772 0.241702 0.279265 17680 0.00576923 79080 0.0113556 3674 
0.367768 0.251453 10.3868 22.5052 18.5641 0.0739393 0.0657669 9147 0.0180387 42106 0.0356006 3880 
0.374938 0.247161 9.8302 22.663 19.6473 0.118576 0.194802 17519 0.0469205 81363 0.0958175 3655 
0.349874 0.248222 9.67091 25.8878 16.3186 0.083133 0.0579825 11931 0.00419076 53090 0.00768506 3693 
0.380174 0.250305 9.62432 23.1377 19.7697 0.0705925 0.239854 14178 0.0817464 69797 0.162514 3450 
0.371498 0.251171 10.166 19.7358 17.2898 0.212599 0.544047 10158 0.088797 50155 0.167082 3637 
0.368766 0.250642 10.9008 24.0753 13.3527 0.422269 1.11522 20399 0.0203932 93705 0.0405741 4078 
0.376756 0.250895 10.6759 26.3832 9.18716 0.661491 0.603114 19860 0.00256798 89745 0.00544877 4035 
0.367694 0.250356 10.2078 22.0654 18.3307 0.127383 0.129142 12850 0.0231128 59076 0.0456531 3817 
0.376761 0.248747 8.67642 23.0476 22.2062 0.0682487 0.140531 22841 0.0702246 109845 0.140015 3156 
0.369999 0.251134 10.0742 21.6167 17.6075 0.223412 0.105788 17068 0.0113077 77922 0.0228049 3783 
0.376499 0.249172 10.1361 19.8379 18.4791 0.189791 0.409872 11815 0.0968261 58539 0.187089 3620 
0.369508 0.248919 9.94268 21.5326 17.3949 0.229807 0.265191 15356 0.0289138 70475 0.0578361 3723 
0.367586 0.248452 9.99301 21.4965 20.387 0.0772304 0.191035 11210 0.0833185 54104 0.156661 3627 
0.373082 0.24857 10.394 21.4681 18.0773 0.317527 0.396276 24635 0.0366146 113915 0.0742659 3874 
0.375945 0.248844 10.4938 20.2107 18.006 0.263175 0.321255 15015 0.0495504 70615 0.100531 3870 
0.377595 0.250063 9.64617 20.7807 18.2631 0.368698 0.300661 26421 0.0297869 122511 0.0619046 3588 
0.37326 0.249725 8.98937 24.2416 20.4071 0.0901834 0.061329 25453 0.0131222 115526 0.0271454 3389 
0.374168 0.25043 10.2253 21.6787 18.2856 0.26932 0.809282 25909 0.0781582 126434 0.151201 3685 
0.381275 0.249648 12.4077 18.1708 15.885 0.605159 0.686804 12706 0.0605226 60961 0.124276 4519 
0.369059 0.248456 10.8207 18.3611 17.1057 0.90061 0.688343 25366 0.0405661 117486 0.0801883 4029 
0.369071 0.248744 11.9792 17.4922 15.4253 1.77275 1.41763 26780 0.0425691 124486 0.0838488 4450 
0.378702 0.252269 9.98351 22.8014 19.348 0.0325187 0.327903 6664 0.197629 37068 0.344664 3327 
0.376905 0.248932 9.64911 28.645 13.8983 0.110626 0.124063 17728 0.00349729 79263 0.00750666 3673 
0.371718 0.253911 9.87908 24.0329 15.3762 0.00481071 0.360006 714 0.411765 4662 0.586658 3009 
0.376612 0.238916 11.415 20.0343 13.4315 0.0120762 0.643852 419 0.642005 3206 0.803805 3205 
0.365768 0.248676 9.57079 25.8948 14.7785 0.150711 0.139653 15053 0.00564671 67314 0.0113349 3643 
0.40611 0.250323 10.4266 26.2142 13.371 0.274682 0.0818726 22115 0.00208004 99624 0.00527985 3949 
0.380023 0.252246 8.52437 28.8079 22.6158 0.0110323 0.0301096 19232 0.0222546 89602 0.0467065 3160 
0.374026 0.250149 10.0006 19.5251 17.0324 0.536979 0.592031 21030 0.0439848 98910 0.0882115 3687 
0.381985 0.258983 10.5309 20.457 15.771 0.0189687 0.20885 1096 0.206204 6351 0.352071 3425 
0.375617 0.249206 9.53821 22.3948 20.5032 0.118183 0.188711 21946 0.0506243 103512 0.10221 3511 
0.378481 0.248867 9.91279 22.5778 19.6024 0.214981 0.479351 33397 0.0632392 159721 0.128105 3618 
0.388286 0.249574 10.0547 20.8961 16.4069 0.696586 0.504971 31592 0.0240567 145636 0.05362 3754 
0.363654 0.250236 10.2577 20.7446 17.3587 0.574036 0.197833 32033 0.00936534 145078 0.0183281 3872 
0.364155 0.251669 9.23828 27.8873 16.1328 0.122408 0.204601 31700 0.00630915 144372 0.0123154 3474 
0.355694 0.250938 10.2844 28.5954 8.38234 0.819026 0.72155 35003 0.00114276 157916 0.00214038 3891 
0.379767 0.250244 9.75827 22.7812 18.0919 0.28032 0.219512 31557 0.0176506 144574 0.037614 3657 
0.369103 0.249065 9.27681 27.1501 17.6648 0.0875033 0.031001 24787 0.00229959 110734 0.004714 3533 
0.381691 0.253021 9.66294 22.0103 20.2256 0.0409568 0.0301587 7262 0.0245112 34087 0.0515739 3565 
0.372967 0.254223 9.57238 24.4803 14.8689 0.0409807 0.640746 4003 0.109918 20502 0.201151 3348 
0.372799 0.253696 10.9446 16.5051 16.5278 0.197881 1.23361 4970 0.315694 30275 0.485252 3463 
0.357864 0.25094 9.81864 22.3619 18.3045 0.276846 0.0884943 29997 0.00576724 135899 0.0108978 3705 
0.377055 0.2497 11.1928 20.1303 15.7 0.71321 0.148866 22093 0.00665369 99590 0.0141781 4238 
0.382376 0.250413 9.13917 21.7853 20.5452 0.0719823 0.0928844 12165 0.0515413 58056 0.107103 3339 
0.373235 0.249926 9.84338 23.3281 17.6985 0.319283 0.884002 38012 0.0460644 178876 0.0918961 3628 
0.371929 0.249805 8.74084 26.8279 21.2287 0.000551436 0.129918 1299 0.722094 10353 0.84391 2403 
0.379437 0.252365 10.074 26.6477 15.1881 0.0996459 0.28373 15432 0.0154225 71387 0.0324849 3751 
0.353918 0.25054 12.8 16.3933 11.9271 3.5359 1.47041 17309 0.0163499 78919 0.0299801 4811 
0.380804 0.250028 10.4692 20.6804 16.8854 0.55153 0.687067 27586 0.0405641 129630 0.0848029 3862 
0.36509 0.252398 8.8501 25.1702 20.1851 0.0121893 0.153478 5191 0.128492 26532 0.224747 3100 
0.385496 0.249279 10.8425 17.7887 17.3088 1.33412 0.54628 34863 0.0321257 161890 0.0699055 4030 
0.375955 0.249352 12.0837 16.9534 14.5187 0.00272768 1.04273 679 0.958763 6337 0.980275 3084 
0.386398 0.250416 10.8392 21.3067 14.6982 0.792104 0.149144 26163 0.00431908 118188 0.00971334 4098 
0.364504 0.249057 9.47164 20.2726 20.942 0.315723 0.183473 37428 0.0277867 171425 0.054047 3551 
0.381859 0.250113 8.80814 25.9911 13.5917 0.0744149 0.0936084 5975 0.00736402 27034 0.0160908 3327 
0.369036 0.250904 8.5719 26.922 23.5883 0.00719873 0.150303 11612 0.211591 63745 0.352843 2879 
0.364961 0.249818 10.2252 21.2203 18.4706 0.505549 0.270773 41591 0.0150994 188993 0.0296836 3852 
0.37184 0.249559 10.3726 28.7396 12.1049 0.379688 0.346607 40734 0.00206216 182481 0.00428538 3943 
0.3641 0.250134 10.7939 19.5808 16.9245 0.544078 0.0951546 20221 0.00613224 91243 0.0120776 4084 
0.369607 0.249648 8.9852 21.7791 22.1808 0.0246535 0.161599 7353 0.216102 40374 0.36152 3018 
0.377322 0.249705 10.1074 20.2042 20.9195 0.343754 0.191648 41036 0.033166 190591 0.0687021 3756 
0.377895 0.251341 10.7362 20.9189 17.3892 0.62063 0.721635 38872 0.0350895 182625 0.072104 3960 
0.374772 0.24857 10.5313 20.4059 16.0961 0.210813 0.356149 7791 0.0508279 36611 0.102483 3886 
0.355299 0.25101 10.2734 23.0777 14.8807 0.0470296 0.910853 3081 0.164557 15880 0.269144 3581 
0.371717 0.249424 10.3369 23.1397 15.042 0.328244 0.572614 18411 0.0224322 84225 0.0456159 3878 
0.373973 0.249489 9.52731 24.406 21.1615 0.0639096 0.248056 23987 0.0756243 116173 0.147237 3450 
0.375256 0.254351 10.5105 20.7402 16.9683 0.0290401 0.559113 2539 0.341867 15935 0.517603 3271 
0.37979 0.250452 9.68572 21.01 19.6256 0.354168 0.229709 38234 0.0273055 177321 0.057489 3602 
0.357349 0.249579 10.4417 20.2821 15.0713 1.47264 0.333997 40279 0.00506467 180892 0.00962453 3963 
0.375649 0.248807 10.4442 20.0299 17.3242 0.807837 0.723988 36593 0.0353073 169386 0.0726506 3890 
0.371371 0.249483 9.50963 24.4377 17.9238 0.0227103 0.235885 4034 0.122459 20402 0.224782 3354 
0.368987 0.250465 9.46648 23.4876 18.5028 0.080883 0.255937 12570 0.0509149 59473 0.0984817 3477 
0.335817 0.248851 10.2744 22.4252 14.3804 0.177642 0.220107 6864 0.0119464 30801 0.0199669 3902 
0.439843 0.248145 11.222 28.4695 6.22717 0.251479 0.11372 5563 0.000719036 24694 0.00226776 4292 
0.373378 0.247246 9.60924 23.7546 19.729 0.0976707 0.0679783 18730 0.0153764 84003 0.0322131 3652 
0.379509 0.248941 9.89494 20.9124 21.3244 0.0909361 0.0556943 13939 0.0344358 64616 0.0724124 3682 
0.376564 0.249618 9.93422 21.906 18.8113 0.093791 0.124748 10144 0.0389393 47375 0.0798522 3679 
0.378069 0.250853 9.79861 20.1133 19.5973 0.435391 0.204496 37680 0.0236996 174344 0.0494998 3649 
0.378183 0.250118 10.3088 20.54 17.7913 0.281286 0.340727 17149 0.0439093 80816 0.0901059 3796 
0.383352 0.250357 11.0758 24.3873 10.8017 1.68366 0.494005 45136 0.00179458 203163 0.0039771 4197 
0.369538 0.253383 10.6755 24.7399 13.5016 0.0557394 0.110732 3597 0.0122324 16654 0.0242584 3972 
0.373415 0.252031 10.4343 26.1692 12.5008 0.103268 0.687333 7197 0.0272336 33603 0.0548165 3863 
0.383918 0.250848 9.46829 24.3273 19.8402 0.183362 0.0819802 47812 0.00907722 217760 0.0199486 3561 
0.370514 0.249199 9.89555 25.2934 14.9698 0.535158 0.177782 49039 0.00250821 219311 0.00517986 3766 
0.378613 0.252042 9.8766 22.4686 16.7797 0.0816045 0.818908 7645 0.162459 41092 0.29305 3358 
0.360503 0.249736 9.89744 19.0499 18.6179 0.994015 0.0666568 48605 0.00312725 218129 0.00606063 3758 
0.393638 0.250075 9.26313 27.2552 18.1746 0.0341119 0.0655309 11929 0.0178556 54791 0.0412477 3466 
0.34613 0.250413 9.19705 24.7285 18.5808 0.185841 0.0261954 38110 0.00123327 171385 0.00218806 3487 
0.337181 0.250715 9.29467 33.184 12.8458 0.0206319 0.323664 8531 0.00855703 38621 0.0142927 3509 
0.386574 0.250413 10.6116 23.5167 15.5944 0.475117 0.279426 34308 0.00874432 155842 0.0195775 3998 
0.370911 0.250323 8.51749 29.0034 21.3395 0.0178894 0.0304786 21461 0.0104841 97441 0.021377 3210 
0.373101 0.250026 9.76517 21.7945 17.7859 0.1844 0.748181 16170 0.094496 79964 0.179243 3491 
0.382287 0.248054 9.44822 28.1836 12.2484 0.0775056 0.120317 7121 0.00477461 31730 0.0106209 3605 
0.369949 0.24838 9.31316 24.8923 18.0492 0.0923341 0.207297 16380 0.0271673 74821 0.054744 3498 
0.364789 0.249154 8.16559 27.9974 24.6266 0.0191741 0.008421 38247 0.00481083 171365 0.00958189 3104 
0.416906 0.250082 10.4536 30.0304 10.6234 0.501701 0.124311 52233 0.000478625 234400 0.00130119 3969 
0.369383 0.249969 11.6115 19.5983 16.0588 0.804898 0.441083 24372 0.0184638 111319 0.0370826 4360 
0.384567 0.250407 8.80626 24.5395 19.777 0.043369 0.106983 11987 0.0466339 56959 0.0986148 3226 
0.375309 0.250966 10.773 16.4574 17.9213 1.16874 0.631488 27414 0.0511782 130587 0.102123 3940 
0.37242 0.250348 9.48327 25.786 20.506 0.00933493 0.103469 4600 0.125217 23453 0.229438 3328 
0.381272 0.249815 9.51713 18.7072 20.3484 0.650477 0.0713384 45404 0.00964673 205615 0.0209858 3593 
0.380895 0.250696 10.6356 19.8464 18.7117 0.214698 0.0896141 13805 0.0212242 63690 0.045219 3968 
0.358744 0.245599 9.97702 25.277 13.8066 0.0508408 0.418013 3218 0.0512741 14746 0.0962973 3742 
0.377437 0.248159 9.52594 23.5947 19.7863 0.0961809 0.306049 19773 0.0718151 95020 0.143875 3467 
0.375102 0.251133 9.55246 18.8992 20.3038 0.0570368 0.242933 5600 0.234821 31819 0.392344 3145 
0.356058 0.249059 9.20542 23.6976 21.0551 0.150656 0.0219284 42024 0.00264135 187723 0.00500738 3506 
0.374373 0.248819 10.8459 18.074 17.0383 0.18034 0.915054 5953 0.241895 33694 0.403959 3580 
0.384442 0.251698 9.4523 24.588 18.9767 0.159054 0.1281 37030 0.0132595 170363 0.0289382 3532 
0.368592 0.249785 10.0459 23.2678 15.7258 0.823038 0.629408 56523 0.00994286 255607 0.0200738 3796 
0.373714 0.249839 9.46085 26.6027 17.9213 0.124046 0.186781 34052 0.0118936 154463 0.0246855 3568 
0.381599 0.248504 10.3566 21.1325 17.4479 0.274798 0.254215 16641 0.031188 76731 0.0667657 3867 
0.372835 0.250884 8.42671 23.4253 23.6915 0.0318387 0.149744 20021 0.137556 103589 0.248984 2931 
0.371086 0.249486 9.8563 27.1338 15.2109 0.0591586 0.206054 9341 0.0168076 42488 0.034245 3711 
0.367623 0.249406 9.55216 26.5926 15.92 0.202268 0.123553 32761 0.00357132 146842 0.00723226 3630 
0.378904 0.243454 8.13947 26.8468 24.0611 0.00463223 0.0492166 5774 0.204884 31273 0.36741 2759 
0.3877 0.248135 10.979 21.6488 15.9527 0.323961 0.0902667 14832 0.00761866 66389 0.0174276 4177 
0.380706 0.250339 9.22689 23.9261 20.1449 0.0202733 0.0684417 5395 0.0713624 26279 0.143841 3329 
0.380063 0.250314 9.48251 24.5768 19.9688 0.0558586 0.0901539 15999 0.0293143 74319 0.0617204 3523 
0.378764 0.247944 10.2458 21.565 18.0442 0.134639 0.474399 11163 0.104273 55559 0.203315 3650 
0.373558 0.249343 9.8447 23.6316 14.9304 0.984293 0.939621 59840 0.011113 270415 0.0231311 3722 
0.377111 0.250437 9.66322 20.115 20.1843 0.299614 0.231667 30145 0.0412009 141808 0.084156 3562 
0.369582 0.250641 9.71238 23.7553 16.67 0.581219 0.46562 58897 0.0101363 267773 0.0204763 3657 
0.375312 0.253436 10.1471 20.1006 18.2075 0.0194932 0.403028 2263 0.440566 15269 0.620669 3037 
0.372578 0.250121 9.84845 21.8884 18.8093 0.549891 0.352567 58984 0.0177336 269630 0.0362756 3696 
0.37443 0.249456 9.88052 22.2267 18.0157 0.332157 0.202111 30946 0.0148323 140528 0.0308835 3724 
0.378481 0.250483 11.0594 19.0589 16.9236 0.52245 0.390984 17747 0.0352172 83013 0.0729404 4091 
0.365309 0.248401 11.2219 17.0454 16.948 0.556927 0.372449 10917 0.0456169 50707 0.0879169 4171 
0.378136 0.250037 11.4097 18.5655 14.3576 0.186428 0.429646 3062 0.0845852 15069 0.166169 4091 
0.361509 0.249762 9.35619 28.0156 13.5786 0.355107 0.0426957 46207 0.000346268 206858 0.000676793 3558 
0.375316 0.249977 9.17906 25.8788 20.12 0.124664 0.0171556 49251 0.00176646 221135 0.0037398 3484 
0.35114 0.249518 8.88212 27.3251 14.7603 0.185668 0.230544 27168 0.00430654 121846 0.00789521 3374 
0.405602 0.24977 10.2213 32.3638 6.60117 0.230324 0.418205 15556 0.000964258 69725 0.00245249 3884 
0.373514 0.24847 9.83333 27.7295 13.7315 0.100724 0.252205 12189 0.0093527 54694 0.0196 3735 
0.372961 0.251465 10.1589 22.9122 19.3905 0.253176 0.308545 43101 0.0265423 200420 0.0534977 3771 
0.371309 0.249148 9.26235 23.2182 20.5316 0.155812 0.250281 35266 0.0391028 163894 0.078081 3441 
0.375599 0.249807 9.22459 21.1869 21.0863 0.311881 0.187 49520 0.0276656 228589 0.0570675 3441 
0.373413 0.25008 10.5078 19.2105 17.3008 0.807416 0.534462 30732 0.0297735 142294 0.0604312 3912 
0.367045 0.250209 9.66285 19.5257 18.3744 0.468461 0.360934 25425 0.0328417 117896 0.0640649 3594 
0.37207 0.249341 9.46676 22.0304 21.1205 0.116868 0.127132 22944 0.0385286 106717 0.0772229 3515 
0.369747 0.24704 9.92983 25.0905 13.3111 0.24948 0.891766 13645 0.024258 61662 0.0493497 3756 
0.371078 0.250625 8.52759 23.5728 21.8485 0.124645 0.0376754 44042 0.00765179 199731 0.015636 3216 
0.387131 0.250337 13.0255 18.4526 14.0719 0.879726 0.245065 12222 0.0120275 55726 0.0269174 4896 
0.36319 0.250535 11.5277 21.2758 11.7174 1.07156 0.958182 16820 0.0110583 76432 0.0215093 4342 
0.375118 0.251242 10.3235 17.1919 17.8603 0.677883 0.0831366 18198 0.0098912 83064 0.0205745 3877 
0.364134 0.251336 10.8025 25.6732 11.2152 0.183089 0.33119 7797 0.00692574 35461 0.013536 4066 
0.370517 0.249296 10.1178 22.603 15.4876 0.567782 0.106177 30390 0.00292859 136049 0.00604194 3848 
0.358627 0.250226 9.86124 27.8365 11.8879 0.622992 0.227151 51696 0.000870474 232185 0.00166677 3742 
0.386829 0.247802 10.7446 19.1001 18.7823 0.251346 0.116578 12538 0.0343755 57939 0.0757693 4007 
0.374136 0.250914 10.1729 20.2313 18.9969 0.100063 0.182317 8102 0.0734387 39445 0.142375 3671 
0.366709 0.250173 10.0956 24.0175 16.9834 0.433928 0.291649 49818 0.00808945 225330 0.0161452 3814 
0.379856 0.248796 9.90054 22.8206 16.6214 0.0456343 0.103891 3502 0.0431182 16385 0.0900214 3663 
0.380737 0.252547 9.20093 28.566 21.287 0.00901293 0.0230038 10681 0.0187248 49660 0.0395489 3415 
0.376101 0.250512 10.8401 17.0827 18.061 0.971998 0.666667 27422 0.057618 131262 0.114961 3953 
0.382143 0.250176 12.0091 15.5361 14.9696 2.14876 0.582484 18182 0.0255747 84091 0.0547621 4474 
0.413253 0.247068 9.88651 31.7682 9.97365 0.0776366 0.207765 9497 0.00326419 42054 0.00879821 3788 
0.370946 0.2489 8.45547 28.9997 19.4503 0.0238208 0.231074 17373 0.0487538 81420 0.0963277 3125 
0.386799 0.251437 10.1181 19.9485 19.8702 0.18634 0.032867 16704 0.0110752 76558 0.0246088 3790 
0.373655 0.249691 10.658 26.8791 12.8707 0.111122 0.6368 9305 0.022461 42657 0.046112 3993 
0.373833 0.252989 8.71185 25.6772 21.1359 0.00850064 0.240706 6414 0.271126 37715 0.434416 2812 
0.377275 0.249885 10.2365 21.2834 18.3474 0.144618 0.500614 12917 0.104204 64768 0.199883 3629 
0.376231 0.250617 9.82375 20.4493 20.0095 0.352547 0.242156 36826 0.0325042 171711 0.0666294 3641 
0.36549 0.250333 10.4215 24.4193 12.4535 0.5966 0.80202 24525 0.00848114 111063 0.0167833 3934 
0.384131 0.250233 8.97049 22.256 21.8416 0.31689 0.0435344 78997 0.0063167 357296 0.0139968 3389 
0.374546 0.249888 9.50533 23.8415 18.91 0.40193 0.119801 70530 0.00540196 317780 0.0113443 3600 
0.370771 0.251113 8.92362 33.0507 13.159 0.108635 0.0563926 47401 0.000421932 213955 0.000864668 3375 
0.36026 0.251248 11.2054 24.9787 13.3571 0.0466673 0.325166 2942 0.0377294 13747 0.0701244 4147 
0.414844 0.252629 10.4589 22.7356 16.3363 0.099825 0.0189118 7688 0.00520291 35303 0.0136532 3912 
0.378367 0.252465 10.368 20.2159 17.6017 0.0384696 0.197795 2543 0.16044 13661 0.289144 3526 
0.369764 0.246641 10.4798 21.0556 15.7793 0.208902 1.55831 8913 0.161674 46068 0.287597 3650 
0.376852 0.251159 9.66433 21.3522 17.8035 0.311403 0.279428 23748 0.0256022 110263 0.0529008 3591 
0.390984 0.249346 10.0246 25.8724 15.5908 0.680095 0.169084 84489 0.00227249 378319 0.00529976 3812 
0.381251 0.250825 9.9798 21.4256 18.437 0.187127 0.0496382 16556 0.00887896 75353 0.0192162 3755 
0.365281 0.251011 10.4732 20.0825 17.1039 0.256342 0.241712 11901 0.0287371 55180 0.055473 3895 
0.385241 0.249934 10.7871 17.9843 16.5918 1.57394 0.500135 36439 0.0212684 167591 0.0466552 4033 
0.37323 0.245574 8.66851 26.5068 22.0701 0.00675828 0.0316048 4493 0.0712219 21216 0.141591 3191 
0.395053 0.249911 11.8539 22.3549 10.8219 0.552037 0.697833 8938 0.014209 40826 0.0332876 4451 
0.363097 0.252603 10.49 24.224 14.1802 0.0593684 0.824337 4230 0.092435 20930 0.165026 3747 
0.372403 0.250342 11.2907 20.6082 15.3111 2.24273 1.77595 73450 0.0194418 336782 0.0396072 4229 
0.376734 0.249402 10.0762 23.1489 17.1184 0.12356 0.0274151 11435 0.00402274 51300 0.00859649 3827 
0.375702 0.250573 9.04251 23.6584 22.5284 0.0402479 0.102706 18356 0.0706036 89069 0.138634 3270 
0.366515 0.25122 9.38401 24.0192 19.7996 0.00711648 0.18458 2424 0.294554 14158 0.454725 3041 
0.373469 0.249693 8.37469 23.9502 22.4099 0.11572 0.0358487 49767 0.00831877 224670 0.0173232 3168 
0.372827 0.249713 10.752 24.2895 13.8511 0.785807 1.28559 43674 0.0138068 198346 0.0284705 4052 
0.374149 0.250066 10.5563 17.6942 18.1006 0.326443 0.650323 11591 0.130964 59491 0.24086 3690 
0.384206 0.250352 9.77045 21.0399 20.4707 0.533268 0.0778926 69981 0.00754491 317218 0.0166888 3686 
0.376948 0.250822 9.35976 24.6983 20.2112 0.022533 0.208875 8134 0.138677 42382 0.255486 3242 
0.375657 0.249406 10.3293 19.7983 17.6411 1.34223 1.54745 64232 0.0484338 302583 0.0979335 3805 
0.365742 0.24968 11.3406 20.1923 14.3611 1.06439 1.07597 24358 0.0230725 111486 0.0452433 4253 
0.380814 0.250194 9.45866 23.1705 17.8446 0.634479 0.121428 72855 0.00391188 328415 0.0085258 3581 
0.375166 0.250407 9.59203 24.2319 20.602 0.306657 0.264824 93587 0.0171498 428485 0.0355742 3596 
0.360238 0.250137 12.1614 16.8763 16.1897 0.818166 0.834332 13576 0.0581909 64210 0.106837 4468 
0.371437 0.249205 9.54837 23.6997 20.5497 0.143456 0.116553 36064 0.0179681 163986 0.0366983 3596 
0.370961 0.249808 8.85102 27.4703 19.3937 0.0352748 0.112253 17548 0.0229656 80482 0.0463706 3315 
0.392738 0.247895 10.4559 20.7899 15.9037 0.371246 0.143107 13548 0.0138766 61108 0.0324671 3959 
0.382622 0.249357 11.4138 16.3986 16.3003 1.15642 0.602475 16926 0.04756 79966 0.09998 4197 
0.370623 0.247703 9.9383 22.457 16.0978 0.326635 1.10417 19685 0.0590297 92617 0.115951 3665 
0.311967 0.248649 9.78659 34.397 4.94054 0.293931 0.133588 20924 9.5584e-05 93022 0.000139752 3739 
0.38155 0.251229 8.81386 23.2474 23.0565 0.0628599 0.0795308 29589 0.0466052 140972 0.0965298 3223 
0.378831 0.25257 8.25391 27.8913 22.4093 0.000605339 0.014958 981 0.195719 5455 0.341705 2751 
0.377848 0.249122 9.59211 22.0612 19.5091 0.2946 0.159458 37860 0.0177232 172270 0.0375922 3611 
0.440793 0.249696 9.77438 28.4238 10.3463 1.1067 0.115226 70968 0.000352271 317717 0.0011079 3717 
0.344828 0.249627 10.7078 20.4474 17.4924 2.01517 0.0894162 104855 0.00102999 469250 0.00182206 4073 
0.368236 0.251056 9.31973 22.0705 20.2142 0.0610411 0.206864 10874 0.088284 53460 0.163599 3343 
0.376015 0.248027 9.01331 26.0758 19.2261 0.0531957 0.313242 17410 0.0659966 82987 0.132165 3297 
0.372153 0.251369 9.58726 23.1806 21.23 0.295303 0.0585899 83253 0.00510492 378234 0.0104803 3611 
0.35114 0.249918 10.3596 23.4079 15.6419 0.40433 0.195185 28146 0.00479642 126585 0.00876881 3928 
0.372657 0.250619 10.4219 21.8801 18.0422 0.369072 0.204303 33065 0.013791 150953 0.0282605 3914 
0.380834 0.250386 8.76114 22.9416 18.2098 0.579965 0.178647 69608 0.00692449 315255 0.0150228 3307 
0.3776 0.250498 9.81186 22.6272 19.539 0.155348 0.161163 24658 0.0276989 114352 0.0575591 3649 
0.375296 0.24811 10.4411 22.5245 16.0496 0.120137 1.17963 8240 0.157524 43098 0.286255 3610 
0.375071 0.249708 11.225 16.9329 16.5948 3.8946 0.361073 67941 0.00715327 306397 0.0150556 4249 
0.369657 0.244923 10.8186 23.9157 14.7667 0.114093 0.325926 6272 0.0330038 28268 0.0672846 4101 
0.369046 0.249506 8.75859 22.066 21.7708 0.41479 0.0502369 93932 0.00447132 421697 0.00911792 3325 
0.320882 0.248747 9.40429 31.974 12.4286 0.0124791 0.208162 3177 0.0110167 14216 0.0168824 3578 
0.384609 0.24962 8.74421 29.7642 15.2867 0.0494557 0.190371 15342 0.011537 69589 0.0255644 3298 
0.374602 0.249506 9.66566 31.0581 10.9572 0.184443 0.26573 26438 0.00162645 118351 0.00343892 3676 
0.37295 0.250319 9.19369 22.4446 18.7073 0.207996 0.280866 25540 0.0315975 118621 0.0637577 3416 
0.375723 0.250413 10.8502 20.3795 17.0022 0.550455 0.523096 26380 0.0313874 122690 0.0643084 4028 
0.374023 0.251471 10.3378 23.1539 15.7976 0.603064 0.390052 43424 0.00884304 198224 0.0182723 3882 
0.345412 0.249569 9.76244 29.3714 8.72615 0.170219 0.610414 9221 0.00390413 41344 0.00691757 3709 
0.38196 0.250489 8.83886 23.7428 21.0782 0.307465 0.160596 93558 0.0140982 427650 0.0305109 3317 
0.387355 0.249566 10.137 20.8967 18.2941 0.306337 0.0729028 21938 0.0102562 99357 0.0231388 3827 
0.372183 0.249078 9.78305 23.992 18.8987 0.469998 0.237552 83022 0.00872058 373554 0.0180804 3709 
0.359523 0.252759 9.96195 25.9278 15.4224 0.0877762 0.115215 12098 0.00677798 55460 0.012784 3730 
0.370851 0.25108 9.10752 23.875 19.0956 0.0401838 0.175158 8322 0.0675318 40205 0.129362 3302 
0.370089 0.25064 10.8049 21.4537 17.3872 0.814539 0.125905 55135 0.00384511 249048 0.00784186 4085 
0.352562 0.249764 9.57688 28.9067 16.0493 0.286087 0.252108 86382 0.00237318 387371 0.00438856 3638 
0.368115 0.252894 9.9007 22.2312 19.2705 0.0377734 0.235646 6171 0.124939 31644 0.221811 3461 
0.351326 0.250523 9.55159 25.7353 16.0473 0.063967 0.151359 9097 0.0133011 41350 0.0240871 3597 
0.378375 0.248592 9.59518 23.7245 18.6018 0.102684 0.248347 16082 0.0465116 75386 0.0960656 3546 
0.383489 0.251506 8.33799 28.3351 20.7262 0.0356236 0.0574432 32785 0.0129327 150581 0.0281111 3119 
0.347107 0.250133 10.4578 23.6065 12.9551 0.722761 0.150866 27113 0.00143842 121747 0.00257091 3969 
0.393206 0.249157 11.2646 19.384 16.0202 0.0494171 0.252909 1694 0.206612 9697 0.381974 3694 
0.36918 0.254257 10.9294 16.78 16.9294 0.433949 1.22654 10725 0.160466 57165 0.275833 3733 
0.37621 0.25104 9.94348 20.6738 18.3105 0.472175 0.320215 34303 0.0243419 158912 0.0502165 3700 
0.390343 0.251342 9.69675 28.892 12.165 0.00555535 0.260423 747 0.103079 3828 0.209248 3392 
