0.362667 0.257563 10.6097 24.9531 14.6377 0.00346607 0.227938 488 0.260246 2812 0.397937 3462 
0.371793 0.250598 10.539 20.1778 16.0374 0.0326646 0.386506 1543 0.261828 8883 0.42328 3444 
0.385533 0.251127 8.49864 34.5886 17.8273 0.000638477 0.130923 1652 0.198547 9289 0.356874 2815 
0.364093 0.247229 10.5555 19.9903 17.0735 0.0612629 0.737826 3379 0.300385 19440 0.463992 3452 
0.375402 0.249937 10.4903 19.4519 18.3076 0.0373398 0.601458 3422 0.452075 23113 0.636568 3139 
0.346574 0.250035 11.2028 27.5533 4.25057 0.265834 0.397183 3026 0.00165235 13582 0.00294507 4253 
0.382836 0.249751 9.49011 23.6257 16.6713 0.0387054 0.0466145 3712 0.0193966 17005 0.0421053 3557 
0.374341 0.251335 9.8637 21.3561 18.5672 0.0510145 0.230995 5270 0.122201 26985 0.225533 3452 
0.376408 0.246592 9.09884 23.7203 21.4302 0.0161919 0.0528123 4941 0.0904675 24010 0.178134 3290 
0.372186 0.251357 9.64084 20.6514 20.4267 0.0377525 0.0977263 5106 0.103016 25601 0.191672 3417 
0.400405 0.249546 10.019 25.5492 10.3976 0.147221 0.12458 4661 0.00429092 20964 0.0105419 3799 
0.378442 0.24936 9.48829 24.022 20.2215 0.0194832 0.192076 5902 0.181125 31931 0.324262 3215 
0.373627 0.24811 9.05505 24.7116 20.9636 0.0178723 0.0929121 6641 0.0944135 32549 0.181265 3256 
0.361673 0.250212 9.25352 28.5745 15.9047 0.0128166 0.466286 3896 0.104209 19217 0.185044 3313 
0.372013 0.2501 10.1802 23.0482 18.0018 0.053436 0.260439 6711 0.0844882 32836 0.160921 3663 
0.363836 0.251507 10.5634 23.474 13.8054 0.13805 0.150947 6541 0.00963155 29855 0.0187238 3967 
0.369766 0.250913 8.93276 23.4913 20.8008 0.0252572 0.114672 7430 0.0913863 36665 0.170271 3197 
0.360709 0.253726 10.0344 19.4513 19.3359 0.0919757 0.116732 7159 0.0483308 34237 0.0880042 3659 
0.366374 0.251544 8.81656 26.7605 19.9602 0.0131608 0.133405 7193 0.0759071 34986 0.140599 3183 
0.36839 0.250714 8.39213 30.8884 15.9503 0.0139035 0.104412 7082 0.0142615 32342 0.0284769 3151 
0.365152 0.253417 8.91221 26.8837 20.6751 0.00992693 0.145879 7476 0.101525 37515 0.180941 3156 
0.378752 0.247845 9.51189 22.1708 18.4679 0.0204158 0.259008 2696 0.276706 15866 0.456259 3071 
0.388795 0.250653 11.3291 24.8794 11.4645 0.190765 0.279457 6944 0.00892857 31603 0.0202196 4263 
0.412756 0.24755 10.2029 33.7436 6.7863 0.0839091 0.250724 7728 0.001294 34204 0.00347913 3910 
0.367126 0.25259 10.9021 20.2074 13.8933 0.293531 1.1207 6899 0.0726192 33657 0.134712 3928 
0.377974 0.253028 10.1279 19.9651 18.5964 0.0450635 0.800243 5467 0.437168 37127 0.621758 3021 
0.368259 0.24997 9.34037 23.6218 20.2207 0.0356919 0.0924015 8638 0.04978 40697 0.0962725 3440 
0.392616 0.248902 10.8564 30.5212 5.72551 0.256886 0.45614 8559 0.0012852 38174 0.00303872 4139 
0.380761 0.246498 10.2596 24.1779 15.1136 0.105119 0.0675484 6913 0.00810068 30642 0.0179492 3929 
0.368074 0.247377 9.03405 28.1663 15.9298 0.0160022 0.206055 3731 0.0528009 17384 0.103141 3352 
0.37689 0.251915 9.32666 21.3639 19.57 0.0807465 0.233674 10634 0.0930976 53221 0.178501 3309 
0.378741 0.250665 9.67958 19.6747 20.1057 0.107049 0.22391 10342 0.115935 52774 0.220449 3395 
0.381584 0.249854 10.2789 20.2418 18.7791 0.0501142 0.170098 4016 0.143675 21094 0.269982 3544 
0.359827 0.244183 9.51186 22.6628 19.3629 0.0254139 0.0993351 3272 0.0895477 15431 0.164474 3505 
0.390059 0.248627 11.1711 24.5599 11.4816 0.295682 1.11568 9519 0.0264734 43808 0.0597379 4176 
0.37679 0.250605 10.2995 25.0172 13.4316 0.158265 0.145718 9722 0.00627443 44040 0.0132834 3887 
0.331133 0.24983 12.5629 22.0539 8.82597 1.08924 1.5854 9860 0.00902637 44395 0.0146188 4760 
0.366604 0.253951 10.1802 22.419 19.0776 0.0528287 0.233417 8542 0.0812456 42277 0.148095 3635 
0.365707 0.250692 10.8232 18.9782 15.7231 0.42738 0.303783 10488 0.0248856 48367 0.0484214 4039 
0.380374 0.250501 10.3785 22.8082 17.4895 0.122271 0.509615 12856 0.0807405 63295 0.160692 3720 
0.378981 0.252094 9.83467 20.748 19.8701 0.0507449 0.531104 8246 0.31676 50950 0.498155 3088 
0.375904 0.25438 11.3044 17.4205 17.0123 0.247316 0.893879 7615 0.186999 42069 0.322898 3781 
0.37356 0.24885 10.5243 20.0324 17.8045 0.224633 0.190257 11479 0.0343235 53044 0.0698665 3924 
0.375043 0.249695 9.87474 20.0178 19.0926 0.0865219 0.0594193 6242 0.0326818 28947 0.0668809 3673 
0.38489 0.249174 9.58535 27.239 15.1802 0.00490157 0.131751 884 0.133484 4604 0.258036 3322 
0.354102 0.251344 9.4876 26.2666 18.2052 0.0394658 0.118503 11441 0.0184424 52503 0.0336362 3551 
0.37355 0.24871 9.03863 24.5395 17.4368 0.0850967 0.199465 12061 0.0298483 55422 0.0610949 3382 
0.39847 0.248523 9.50939 24.306 17.3638 0.093854 0.096537 12119 0.0202162 55422 0.0482841 3569 
0.37605 0.248454 8.32695 26.2829 23.4929 0.0137582 0.0579911 14068 0.0752772 67875 0.148965 3023 
0.377497 0.251315 10.7567 19.9416 18.4147 0.214548 0.0607052 13281 0.0126496 60852 0.0265891 4030 
0.371603 0.251187 10.4681 24.5345 15.0009 0.159889 2.09353 14568 0.101936 72858 0.189478 3716 
0.38744 0.250427 9.19628 30.6933 15.4401 0.0318281 0.144701 13378 0.0110629 60958 0.0248204 3458 
0.369982 0.250929 10.0359 22.5066 18.3203 0.123742 0.622478 15351 0.0962804 76129 0.178736 3581 
0.37556 0.250004 10.3086 21.5889 18.4072 0.156534 0.598112 15381 0.104089 77000 0.197935 3658 
0.373566 0.251215 9.02651 24.5761 21.9478 0.00553589 0.0477599 3089 0.150534 16220 0.269667 3112 
0.36996 0.25055 10.3796 28.9939 8.65252 0.26692 0.587496 13340 0.00292354 60167 0.00596673 3928 
0.368105 0.249345 8.98977 21.3107 20.6238 0.0576703 0.170889 8959 0.10269 44262 0.189214 3216 
0.375479 0.251497 9.17305 22.4102 21.7145 0.0586437 0.118318 16482 0.0664361 80001 0.130236 3316 
0.373332 0.251699 10.1172 23.8109 18.6027 0.0929084 0.308255 16833 0.0509119 80383 0.100146 3694 
0.358826 0.250032 11.554 18.418 17.0592 0.164001 0.214295 4941 0.0550496 23271 0.10064 4256 
0.420212 0.249218 9.91276 25.564 12.8751 0.289414 0.101442 16856 0.00320361 75621 0.00888642 3765 
0.37278 0.25114 9.91411 28.2834 15.7334 0.00654271 0.32994 1959 0.159265 10353 0.28214 3405 
0.382719 0.249146 9.23977 22.496 20.6495 0.088882 0.0905406 17267 0.0370649 80496 0.0790101 3426 
0.377524 0.250528 9.4076 24.2443 19.9453 0.0706012 0.0672845 18442 0.0180024 84619 0.0377929 3522 
0.362533 0.248732 9.65379 25.935 13.5243 0.238885 0.274534 17680 0.00576923 79080 0.0113556 3674 
0.367768 0.251453 10.3868 22.5052 18.4793 0.0755332 0.0678507 9147 0.0180387 42106 0.0356006 3880 
0.374938 0.247161 9.8302 22.663 19.1565 0.13387 0.234162 17519 0.0469205 81363 0.0958175 3655 
0.349874 0.248222 9.67091 25.8878 16.4483 0.0804999 0.0554107 11931 0.00419076 53090 0.00768506 3693 
0.380174 0.250305 9.62432 23.1377 19.2876 0.0796466 0.288103 14178 0.0817464 69797 0.162514 3450 
0.371498 0.251171 10.166 19.7358 17.1991 0.217497 0.562689 10158 0.088797 50155 0.167082 3637 
0.368766 0.250642 10.9008 24.0753 13.122 0.447407 1.21426 20399 0.0203932 93705 0.0405741 4078 
0.376756 0.250895 10.6759 26.3832 9.16224 0.665639 0.608802 19860 0.00256798 89745 0.00544877 4035 
0.367694 0.250356 10.2078 22.0654 18.441 0.123913 0.124009 12850 0.0231128 59076 0.0456531 3817 
0.376761 0.248747 8.67642 23.0476 23.4674 0.0498705 0.0873779 22841 0.0702246 109845 0.140015 3156 
0.369999 0.251134 10.0742 21.6167 18.1931 0.19286 0.0851811 17068 0.0113077 77922 0.0228049 3783 
0.376499 0.249172 10.1361 19.8379 18.5799 0.185082 0.394604 11815 0.0968261 58539 0.187089 3620 
0.369508 0.248919 9.94268 21.5326 17.4379 0.227358 0.261006 15356 0.0289138 70475 0.0578361 3723 
0.367586 0.248452 9.99301 21.4965 19.6264 0.0932956 0.252662 11210 0.0833185 54104 0.156661 3627 
0.373082 0.24857 10.394 21.4681 18.6223 0.277297 0.323362 24635 0.0366146 113915 0.0742659 3874 
0.375945 0.248844 10.4938 20.2107 17.5197 0.297029 0.385697 15015 0.0495504 70615 0.100531 3870 
0.377595 0.250063 9.64617 20.7807 18.4725 0.349897 0.277813 26421 0.0297869 122511 0.0619046 3588 
0.37326 0.249725 8.98937 24.2416 20.7315 0.083166 0.0543352 25453 0.0131222 115526 0.0271454 3389 
0.374168 0.25043 10.2253 21.6787 18.2439 0.272144 0.821996 25909 0.0781582 126434 0.151201 3685 
0.381275 0.249648 12.4077 18.1708 15.7179 0.630946 0.732 12706 0.0605226 60961 0.124276 4519 
0.369059 0.248456 10.8207 18.3611 16.9717 0.9311 0.72324 25366 0.0405661 117486 0.0801883 4029 
0.369071 0.248744 11.9792 17.4922 15.5811 1.70538 1.33843 26780 0.0425691 124486 0.0838488 4450 
0.378702 0.252269 9.98351 22.8014 19.1626 0.0340757 0.351753 6664 0.197629 37068 0.344664 3327 
0.376905 0.248932 9.64911 28.645 13.8902 0.110849 0.124442 17728 0.00349729 79263 0.00750666 3673 
0.371718 0.253911 9.87908 24.0329 15.1856 0.00504926 0.386438 714 0.411765 4662 0.586658 3009 
0.376612 0.238916 11.415 20.0343 13.4625 0.0119871 0.636376 419 0.642005 3206 0.803805 3205 
0.365768 0.248676 9.57079 25.8948 14.8155 0.149331 0.137776 15053 0.00564671 67314 0.0113349 3643 
0.40611 0.250323 10.4266 26.2142 13.2034 0.286454 0.0876409 22115 0.00208004 99624 0.00527985 3949 
0.380023 0.252246 8.52437 28.8079 22.5688 0.0111637 0.0306514 19232 0.0222546 89602 0.0467065 3160 
0.374026 0.250149 10.0006 19.5251 17.8435 0.438375 0.437119 21030 0.0439848 98910 0.0882115 3687 
0.381985 0.258983 10.5309 20.457 15.8149 0.0187544 0.20538 1096 0.206204 6351 0.352071 3425 
0.375617 0.249206 9.53821 22.3948 21.1196 0.101355 0.14971 21946 0.0506243 103512 0.10221 3511 
0.378481 0.248867 9.91279 22.5778 19.9852 0.195444 0.414692 33397 0.0632392 159721 0.128105 3618 
0.388286 0.249574 10.0547 20.8961 15.4661 0.88093 0.727621 31592 0.0240567 145636 0.05362 3754 
0.363654 0.250236 10.2577 20.7446 17.5793 0.543205 0.182581 32033 0.00936534 145078 0.0183281 3872 
0.364155 0.251669 9.23828 27.8873 15.3919 0.1475 0.26797 31700 0.00630915 144372 0.0123154 3474 
0.355694 0.250938 10.2844 28.5954 8.95398 0.709577 0.588791 35003 0.00114276 157916 0.00214038 3891 
0.379767 0.250244 9.75827 22.7812 18.7129 0.239973 0.173394 31557 0.0176506 144574 0.037614 3657 
0.369103 0.249065 9.27681 27.1501 17.7783 0.0850642 0.029729 24787 0.00229959 110734 0.004714 3533 
0.381691 0.253021 9.66294 22.0103 20.5202 0.0380146 0.0269509 7262 0.0245112 34087 0.0515739 3565 
0.372967 0.254223 9.57238 24.4803 14.207 0.0484907 0.820162 4003 0.109918 20502 0.201151 3348 
0.372799 0.253696 10.9446 16.5051 17.165 0.168344 0.972769 4970 0.315694 30275 0.485252 3463 
0.357864 0.25094 9.81864 22.3619 18.5017 0.263481 0.0824652 29997 0.00576724 135899 0.0108978 3705 
0.377055 0.2497 11.1928 20.1303 15.6893 0.715122 0.149469 22093 0.00665369 99590 0.0141781 4238 
0.382376 0.250413 9.13917 21.7853 20.8476 0.0667321 0.0827407 12165 0.0515413 58056 0.107103 3339 
0.373235 0.249926 9.84338 23.3281 17.7627 0.314201 0.86307 38012 0.0460644 178876 0.0918961 3628 
0.371929 0.249805 8.74084 26.8279 21.3764 0.000531461 0.122973 1299 0.722094 10353 0.84391 2403 
0.379437 0.252365 10.074 26.6477 15.3387 0.0959301 0.267973 15432 0.0154225 71387 0.0324849 3751 
0.353918 0.25054 12.8 16.3933 12.1552 3.33947 1.35636 17309 0.0163499 78919 0.0299801 4811 
0.380804 0.250028 10.4692 20.6804 17.6494 0.455632 0.513636 27586 0.0405641 129630 0.0848029 3862 
0.36509 0.252398 8.8501 25.1702 20.2365 0.0120321 0.150624 5191 0.128492 26532 0.224747 3100 
0.385496 0.249279 10.8425 17.7887 17.0184 1.43429 0.610996 34863 0.0321257 161890 0.0699055 4030 
0.375955 0.249352 12.0837 16.9534 14.9264 0.00246404 0.894562 679 0.958763 6337 0.980275 3084 
0.386398 0.250416 10.8392 21.3067 14.2214 0.892555 0.179315 26163 0.00431908 118188 0.00971334 4098 
0.364504 0.249057 9.47164 20.2726 21.1231 0.301802 0.171755 37428 0.0277867 171425 0.054047 3551 
0.381859 0.250113 8.80814 25.9911 14.5229 0.0589538 0.0655975 5975 0.00736402 27034 0.0160908 3327 
0.369036 0.250904 8.5719 26.922 22.9055 0.00854397 0.193376 11612 0.211591 63745 0.352843 2879 
0.364961 0.249818 10.2252 21.2203 18.503 0.501477 0.267593 41591 0.0150994 188993 0.0296836 3852 
0.37184 0.249559 10.3726 28.7396 11.7225 0.417713 0.399575 40734 0.00206216 182481 0.00428538 3943 
0.3641 0.250134 10.7939 19.5808 16.3521 0.627824 0.117202 20221 0.00613224 91243 0.0120776 4084 
0.369607 0.249648 8.9852 21.7791 21.7159 0.0276873 0.191894 7353 0.216102 40374 0.36152 3018 
0.377322 0.249705 10.1074 20.2042 18.8597 0.574953 0.416921 41036 0.033166 190591 0.0687021 3756 
0.377895 0.251341 10.7362 20.9189 16.7835 0.722669 0.907214 38872 0.0350895 182625 0.072104 3960 
0.374772 0.24857 10.5313 20.4059 16.373 0.196792 0.321045 7791 0.0508279 36611 0.102483 3886 
0.355299 0.25101 10.2734 23.0777 14.6219 0.0501852 0.998552 3081 0.164557 15880 0.269144 3581 
0.371717 0.249424 10.3369 23.1397 14.6024 0.366281 0.67426 18411 0.0224322 84225 0.0456159 3878 
0.373973 0.249489 9.52731 24.406 20.789 0.0701339 0.285135 23987 0.0756243 116173 0.147237 3450 
0.375256 0.254351 10.5105 20.7402 16.6011 0.0318827 0.641705 2539 0.341867 15935 0.517603 3271 
0.37979 0.250452 9.68572 21.01 20.3911 0.292382 0.171761 38234 0.0273055 177321 0.057489 3602 
0.357349 0.249579 10.4417 20.2821 14.3913 1.74501 0.425863 40279 0.00506467 180892 0.00962453 3963 
0.375649 0.248807 10.4442 20.0299 17.2626 0.820307 0.740926 36593 0.0353073 169386 0.0726506 3890 
0.371371 0.249483 9.50963 24.4377 17.6516 0.0243064 0.260981 4034 0.122459 20402 0.224782 3354 
0.368987 0.250465 9.46648 23.4876 18.5111 0.0807142 0.25515 12570 0.0509149 59473 0.0984817 3477 
0.335817 0.248851 10.2744 22.4252 13.7685 0.206855 0.270311 6864 0.0119464 30801 0.0199669 3902 
0.439843 0.248145 11.222 28.4695 6.30835 0.246464 0.109731 5563 0.000719036 24694 0.00226776 4292 
0.373378 0.247246 9.60924 23.7546 18.5928 0.12935 0.103899 18730 0.0153764 84003 0.0322131 3652 
0.379509 0.248941 9.89494 20.9124 20.3125 0.116985 0.0817672 13939 0.0344358 64616 0.0724124 3682 
0.376564 0.249618 9.93422 21.906 18.8717 0.0923876 0.121943 10144 0.0389393 47375 0.0798522 3679 
0.378069 0.250853 9.79861 20.1133 19.7332 0.420795 0.194252 37680 0.0236996 174344 0.0494998 3649 
0.378183 0.250118 10.3088 20.54 18.0426 0.264148 0.309831 17149 0.0439093 80816 0.0901059 3796 
0.383352 0.250357 11.0758 24.3873 10.7004 1.72691 0.513567 45136 0.00179458 203163 0.0039771 4197 
0.369538 0.253383 10.6755 24.7399 13.8142 0.0514937 0.0986485 3597 0.0122324 16654 0.0242584 3972 
0.373415 0.252031 10.4343 26.1692 12.3947 0.106067 0.715109 7197 0.0272336 33603 0.0548165 3863 
0.383918 0.250848 9.46829 24.3273 19.9227 0.179607 0.0794247 47812 0.00907722 217760 0.0199486 3561 
0.370514 0.249199 9.89555 25.2934 14.8727 0.548268 0.184295 49039 0.00250821 219311 0.00517986 3766 
0.378613 0.252042 9.8766 22.4686 17.2278 0.0728908 0.69114 7645 0.162459 41092 0.29305 3358 
0.360503 0.249736 9.89744 19.0499 18.1309 1.12257 0.0794494 48605 0.00312725 218129 0.00606063 3758 
0.393638 0.250075 9.26313 27.2552 18.1938 0.0339484 0.0650371 11929 0.0178556 54791 0.0412477 3466 
0.34613 0.250413 9.19705 24.7285 18.5941 0.185224 0.0260754 38110 0.00123327 171385 0.00218806 3487 
0.337181 0.250715 9.29467 33.184 12.2951 0.0236868 0.389712 8531 0.00855703 38621 0.0142927 3509 
0.386574 0.250413 10.6116 23.5167 15.0485 0.544703 0.345067 34308 0.00874432 155842 0.0195775 3998 
0.370911 0.250323 8.51749 29.0034 22.1536 0.0145912 0.022535 21461 0.0104841 97441 0.021377 3210 
0.373101 0.250026 9.76517 21.7945 17.5156 0.19729 0.827554 16170 0.094496 79964 0.179243 3491 
0.382287 0.248054 9.44822 28.1836 12.2282 0.0778953 0.12125 7121 0.00477461 31730 0.0106209 3605 
0.369949 0.24838 9.31316 24.8923 18.1413 0.0902453 0.200351 16380 0.0271673 74821 0.054744 3498 
0.364789 0.249154 8.16559 27.9974 24.7951 0.0183857 0.00791894 38247 0.00481083 171365 0.00958189 3104 
0.416906 0.250082 10.4536 30.0304 10.5798 0.507204 0.126592 52233 0.000478625 234400 0.00130119 3969 
0.369383 0.249969 11.6115 19.5983 16.6076 0.701725 0.360152 24372 0.0184638 111319 0.0370826 4360 
0.384567 0.250407 8.80626 24.5395 20.4808 0.0363613 0.0816145 11987 0.0466339 56959 0.0986148 3226 
0.375309 0.250966 10.773 16.4574 17.6659 1.24613 0.695029 27414 0.0511782 130587 0.102123 3940 
0.37242 0.250348 9.48327 25.786 19.6301 0.0116238 0.14338 4600 0.125217 23453 0.229438 3328 
0.381272 0.249815 9.51713 18.7072 20.2355 0.669093 0.0744778 45404 0.00964673 205615 0.0209858 3593 
0.380895 0.250696 10.6356 19.8464 18.3341 0.236009 0.103472 13805 0.0212242 63690 0.045219 3968 
0.358744 0.245599 9.97702 25.277 13.1653 0.059513 0.526139 3218 0.0512741 14746 0.0962973 3742 
0.377437 0.248159 9.52594 23.5947 19.3136 0.108152 0.365828 19773 0.0718151 95020 0.143875 3467 
0.375102 0.251133 9.55246 18.8992 20.4386 0.0551393 0.230961 5600 0.234821 31819 0.392344 3145 
0.356058 0.249059 9.20542 23.6976 20.7463 0.162702 0.0244773 42024 0.00264135 187723 0.00500738 3506 
0.374373 0.248819 10.8459 18.074 17.0462 0.179984 0.912342 5953 0.241895 33694 0.403959 3580 
0.384442 0.251698 9.4523 24.588 18.7729 0.167424 0.138538 37030 0.0132595 170363 0.0289382 3532 
0.368592 0.249785 10.0459 23.2678 15.4998 0.870828 0.684075 56523 0.00994286 255607 0.0200738 3796 
0.373714 0.249839 9.46085 26.6027 18.1459 0.117277 0.171743 34052 0.0118936 154463 0.0246855 3568 
0.381599 0.248504 10.3566 21.1325 17.3702 0.280157 0.261868 16641 0.031188 76731 0.0667657 3867 
0.372835 0.250884 8.42671 23.4253 23.9427 0.0298939 0.136355 20021 0.137556 103589 0.248984 2931 
0.371086 0.249486 9.8563 27.1338 15.3915 0.0565523 0.192698 9341 0.0168076 42488 0.034245 3711 
0.367623 0.249406 9.55216 26.5926 15.8678 0.204921 0.125949 32761 0.00357132 146842 0.00723226 3630 
0.378904 0.243454 8.13947 26.8468 24.3338 0.00433476 0.0443864 5774 0.204884 31273 0.36741 2759 
0.3877 0.248135 10.979 21.6488 15.2156 0.388973 0.120123 14832 0.00761866 66389 0.0174276 4177 
0.380706 0.250339 9.22689 23.9261 19.9143 0.0214782 0.0747228 5395 0.0713624 26279 0.143841 3329 
0.380063 0.250314 9.48251 24.5768 19.2975 0.0660802 0.116358 15999 0.0293143 74319 0.0617204 3523 
0.378764 0.247944 10.2458 21.565 17.619 0.149606 0.557287 11163 0.104273 55559 0.203315 3650 
0.373558 0.249343 9.8447 23.6316 16.3322 0.693952 0.556593 59840 0.011113 270415 0.0231311 3722 
0.377111 0.250437 9.66322 20.115 20.4925 0.277353 0.206241 30145 0.0412009 141808 0.084156 3562 
0.369582 0.250641 9.71238 23.7553 17.2919 0.497332 0.370011 58897 0.0101363 267773 0.0204763 3657 
0.375312 0.253436 10.1471 20.1006 18.8626 0.0165113 0.315183 2263 0.440566 15269 0.620669 3037 
0.372578 0.250121 9.84845 21.8884 19.3264 0.483172 0.29078 58984 0.0177336 269630 0.0362756 3696 
0.37443 0.249456 9.88052 22.2267 17.6516 0.363743 0.231636 30946 0.0148323 140528 0.0308835 3724 
0.378481 0.250483 11.0594 19.0589 16.2727 0.61496 0.500197 17747 0.0352172 83013 0.0729404 4091 
0.365309 0.248401 11.2219 17.0454 17.0728 0.539921 0.355844 10917 0.0456169 50707 0.0879169 4171 
0.378136 0.250037 11.4097 18.5655 13.8837 0.209881 0.513966 3062 0.0845852 15069 0.166169 4091 
0.361509 0.249762 9.35619 28.0156 13.7789 0.33778 0.0397134 46207 0.000346268 206858 0.000676793 3558 
0.375316 0.249977 9.17906 25.8788 20.1417 0.123991 0.0170165 49251 0.00176646 221135 0.0037398 3484 
0.35114 0.249518 8.88212 27.3251 14.0555 0.221365 0.295279 27168 0.00430654 121846 0.00789521 3374 
0.405602 0.24977 10.2213 32.3638 7.05444 0.205671 0.347973 15556 0.000964258 69725 0.00245249 3884 
0.373514 0.24847 9.83333 27.7295 14.7 0.0791821 0.175654 12189 0.0093527 54694 0.0196 3735 
0.372961 0.251465 10.1589 22.9122 19.1027 0.272174 0.343498 43101 0.0265423 200420 0.0534977 3771 
0.371309 0.249148 9.26235 23.2182 20.3353 0.163621 0.269202 35266 0.0391028 163894 0.078081 3441 
0.375599 0.249807 9.22459 21.1869 20.546 0.356949 0.229073 49520 0.0276656 228589 0.0570675 3441 
0.373413 0.25008 10.5078 19.2105 17.6658 0.736985 0.466369 30732 0.0297735 142294 0.0604312 3912 
0.367045 0.250209 9.66285 19.5257 18.6377 0.438596 0.327688 25425 0.0328417 117896 0.0640649 3594 
0.37207 0.249341 9.46676 22.0304 21.3827 0.109473 0.115316 22944 0.0385286 106717 0.0772229 3515 
0.369747 0.24704 9.92983 25.0905 13.831 0.219407 0.735797 13645 0.024258 61662 0.0493497 3756 
0.371078 0.250625 8.52759 23.5728 21.6264 0.13178 0.040912 44042 0.00765179 199731 0.015636 3216 
0.387131 0.250337 13.0255 18.4526 13.7989 0.941951 0.272383 12222 0.0120275 55726 0.0269174 4896 
0.36319 0.250535 11.5277 21.2758 11.6582 1.08756 0.978993 16820 0.0110583 76432 0.0215093 4342 
0.375118 0.251242 10.3235 17.1919 18.4069 0.590896 0.0677238 18198 0.0098912 83064 0.0205745 3877 
0.364134 0.251336 10.8025 25.6732 11.4514 0.172534 0.30389 7797 0.00692574 35461 0.013536 4066 
0.370517 0.249296 10.1178 22.603 14.8096 0.672339 0.136499 30390 0.00292859 136049 0.00604194 3848 
0.358627 0.250226 9.86124 27.8365 11.8733 0.625272 0.228343 51696 0.000870474 232185 0.00166677 3742 
0.386829 0.247802 10.7446 19.1001 18.4457 0.273206 0.132787 12538 0.0343755 57939 0.0757693 4007 
0.374136 0.250914 10.1729 20.2313 18.4034 0.116133 0.227651 8102 0.0734387 39445 0.142375 3671 
0.366709 0.250173 10.0956 24.0175 16.6912 0.466838 0.324636 49818 0.00808945 225330 0.0161452 3814 
0.379856 0.248796 9.90054 22.8206 16.4706 0.047379 0.110016 3502 0.0431182 16385 0.0900214 3663 
0.380737 0.252547 9.20093 28.566 21.0553 0.0095561 0.0251255 10681 0.0187248 49660 0.0395489 3415 
0.376101 0.250512 10.8401 17.0827 18.2453 0.928138 0.622018 27422 0.057618 131262 0.114961 3953 
0.382143 0.250176 12.0091 15.5361 14.9678 2.1497 0.582873 18182 0.0255747 84091 0.0547621 4474 
0.413253 0.247068 9.88651 31.7682 10.1392 0.0745246 0.194024 9497 0.00326419 42054 0.00879821 3788 
0.370946 0.2489 8.45547 28.9997 19.7403 0.0221621 0.207508 17373 0.0487538 81420 0.0963277 3125 
0.386799 0.251437 10.1181 19.9485 19.2779 0.216264 0.0413293 16704 0.0110752 76558 0.0246088 3790 
0.373655 0.249691 10.658 26.8791 13.1722 0.103065 0.568961 9305 0.022461 42657 0.046112 3993 
0.373833 0.252989 8.71185 25.6772 20.7172 0.00945059 0.281495 6414 0.271126 37715 0.434416 2812 
0.377275 0.249885 10.2365 21.2834 18.9223 0.125266 0.403001 12917 0.104204 64768 0.199883 3629 
0.376231 0.250617 9.82375 20.4493 20.3485 0.323834 0.213161 36826 0.0325042 171711 0.0666294 3641 
0.36549 0.250333 10.4215 24.4193 12.9475 0.527204 0.669539 24525 0.00848114 111063 0.0167833 3934 
0.384131 0.250233 8.97049 22.256 21.3801 0.355684 0.0519787 78997 0.0063167 357296 0.0139968 3389 
0.374546 0.249888 9.50533 23.8415 18.9797 0.394996 0.116716 70530 0.00540196 317780 0.0113443 3600 
0.370771 0.251113 8.92362 33.0507 12.7864 0.119291 0.0647472 47401 0.000421932 213955 0.000864668 3375 
0.36026 0.251248 11.2054 24.9787 13.3855 0.0463347 0.321848 2942 0.0377294 13747 0.0701244 4147 
0.414844 0.252629 10.4589 22.7356 16.1279 0.10522 0.020619 7688 0.00520291 35303 0.0136532 3912 
0.378367 0.252465 10.368 20.2159 17.88 0.0358589 0.178023 2543 0.16044 13661 0.289144 3526 
0.369764 0.246641 10.4798 21.0556 15.842 0.205692 1.52254 8913 0.161674 46068 0.287597 3650 
0.376852 0.251159 9.66433 21.3522 18.0448 0.293091 0.255139 23748 0.0256022 110263 0.0529008 3591 
0.390984 0.249346 10.0246 25.8724 15.8551 0.636728 0.152486 84489 0.00227249 378319 0.00529976 3812 
0.381251 0.250825 9.9798 21.4256 17.7093 0.224596 0.0655089 16556 0.00887896 75353 0.0192162 3755 
0.365281 0.251011 10.4732 20.0825 16.4843 0.299476 0.303102 11901 0.0287371 55180 0.055473 3895 
0.385241 0.249934 10.7871 17.9843 16.7485 1.5135 0.470842 36439 0.0212684 167591 0.0466552 4033 
0.37323 0.245574 8.66851 26.5068 21.6504 0.00749196 0.0369641 4493 0.0712219 21216 0.141591 3191 
0.395053 0.249911 11.8539 22.3549 10.8081 0.553949 0.701658 8938 0.014209 40826 0.0332876 4451 
0.363097 0.252603 10.49 24.224 15.0159 0.0480707 0.608597 4230 0.092435 20930 0.165026 3747 
0.372403 0.250342 11.2907 20.6082 15.9085 1.9312 1.42172 73450 0.0194418 336782 0.0396072 4229 
0.376734 0.249402 10.0762 23.1489 17.1598 0.122292 0.0269909 11435 0.00402274 51300 0.00859649 3827 
0.375702 0.250573 9.04251 23.6584 22.6395 0.0391425 0.0985056 18356 0.0706036 89069 0.138634 3270 
0.366515 0.25122 9.38401 24.0192 20.1345 0.00654219 0.163257 2424 0.294554 14158 0.454725 3041 
0.373469 0.249693 8.37469 23.9502 22.6849 0.108041 0.0323497 49767 0.00831877 224670 0.0173232 3168 
0.372827 0.249713 10.752 24.2895 14.1295 0.733022 1.15882 43674 0.0138068 198346 0.0284705 4052 
0.374149 0.250066 10.5563 17.6942 18.4951 0.29578 0.561092 11591 0.130964 59491 0.24086 3690 
0.384206 0.250352 9.77045 21.0399 20.6352 0.511743 0.0731198 69981 0.00754491 317218 0.0166888 3686 
0.376948 0.250822 9.35976 24.6983 19.0557 0.0301083 0.322884 8134 0.138677 42382 0.255486 3242 
0.375657 0.249406 10.3293 19.7983 17.3791 1.43286 1.70748 64232 0.0484338 302583 0.0979335 3805 
0.365742 0.24968 11.3406 20.1923 14.6451 0.991526 0.969812 24358 0.0230725 111486 0.0452433 4253 
0.380814 0.250194 9.45866 23.1705 18.2824 0.568653 0.102781 72855 0.00391188 328415 0.0085258 3581 
0.375166 0.250407 9.59203 24.2319 20.6316 0.304391 0.261898 93587 0.0171498 428485 0.0355742 3596 
0.360238 0.250137 12.1614 16.8763 15.6635 0.933276 1.00849 13576 0.0581909 64210 0.106837 4468 
0.371437 0.249205 9.54837 23.6997 20.5144 0.144723 0.118091 36064 0.0179681 163986 0.0366983 3596 
0.370961 0.249808 8.85102 27.4703 19.1651 0.0373475 0.122185 17548 0.0229656 80482 0.0463706 3315 
0.392738 0.247895 10.4559 20.7899 15.7985 0.381055 0.149144 13548 0.0138766 61108 0.0324671 3959 
0.382622 0.249357 11.4138 16.3986 16.0675 1.22553 0.6586 16926 0.04756 79966 0.09998 4197 
0.370623 0.247703 9.9383 22.457 16.456 0.298908 0.966928 19685 0.0590297 92617 0.115951 3665 
0.311967 0.248649 9.78659 34.397 4.49197 0.328614 0.153653 20924 9.5584e-05 93022 0.000139752 3739 
0.38155 0.251229 8.81386 23.2474 22.1662 0.0786162 0.111703 29589 0.0466052 140972 0.0965298 3223 
0.378831 0.25257 8.25391 27.8913 22.0502 0.000662809 0.0171378 981 0.195719 5455 0.341705 2751 
0.377848 0.249122 9.59211 22.0612 19.1117 0.325259 0.185294 37860 0.0177232 172270 0.0375922 3611 
0.440793 0.249696 9.77438 28.4238 11.3199 0.867846 0.0750166 70968 0.000352271 317717 0.0011079 3717 
0.344828 0.249627 10.7078 20.4474 17.7539 1.88783 0.0817064 104855 0.00102999 469250 0.00182206 4073 
0.368236 0.251056 9.31973 22.0705 20.2026 0.061219 0.207749 10874 0.088284 53460 0.163599 3343 
0.376015 0.248027 9.01331 26.0758 19.4593 0.050206 0.286944 17410 0.0659966 82987 0.132165 3297 
0.372153 0.251369 9.58726 23.1806 20.6634 0.340512 0.0723458 83253 0.00510492 378234 0.0104803 3611 
0.35114 0.249918 10.3596 23.4079 15.7541 0.393153 0.187647 28146 0.00479642 126585 0.00876881 3928 
0.372657 0.250619 10.4219 21.8801 18.7445 0.30951 0.15726 33065 0.013791 150953 0.0282605 3914 
0.380834 0.250386 8.76114 22.9416 18.2983 0.567245 0.172721 69608 0.00692449 315255 0.0150228 3307 
0.3776 0.250498 9.81186 22.6272 19.448 0.158931 0.166798 24658 0.0276989 114352 0.0575591 3649 
0.375296 0.24811 10.4411 22.5245 15.8345 0.12672 1.27876 8240 0.157524 43098 0.286255 3610 
0.375071 0.249708 11.225 16.9329 16.6855 3.8074 0.348998 67941 0.00715327 306397 0.0150556 4249 
0.369657 0.244923 10.8186 23.9157 14.7005 0.11596 0.334009 6272 0.0330038 28268 0.0672846 4101 
0.369046 0.249506 8.75859 22.066 21.6097 0.431802 0.0533142 93932 0.00447132 421697 0.00911792 3325 
0.320882 0.248747 9.40429 31.974 12.5187 0.0122023 0.202225 3177 0.0110167 14216 0.0168824 3578 
0.384609 0.24962 8.74421 29.7642 16.0539 0.0408357 0.141724 15342 0.011537 69589 0.0255644 3298 
0.374602 0.249506 9.66566 31.0581 11.1456 0.175974 0.247622 26438 0.00162645 118351 0.00343892 3676 
0.37295 0.250319 9.19369 22.4446 19.3352 0.177742 0.222225 25540 0.0315975 118621 0.0637577 3416 
0.375723 0.250413 10.8502 20.3795 16.7865 0.581 0.567247 26380 0.0313874 122690 0.0643084 4028 
0.374023 0.251471 10.3378 23.1539 15.9741 0.576891 0.365143 43424 0.00884304 198224 0.0182723 3882 
0.345412 0.249569 9.76244 29.3714 8.66131 0.172996 0.62424 9221 0.00390413 41344 0.00691757 3709 
0.38196 0.250489 8.83886 23.7428 21.2618 0.293651 0.149725 93558 0.0140982 427650 0.0305109 3317 
0.387355 0.249566 10.137 20.8967 17.901 0.337915 0.0848938 21938 0.0102562 99357 0.0231388 3827 
0.372183 0.249078 9.78305 23.992 18.9865 0.45983 0.229914 83022 0.00872058 373554 0.0180804 3709 
0.359523 0.252759 9.96195 25.9278 15.3347 0.0897444 0.118907 12098 0.00677798 55460 0.012784 3730 
0.370851 0.25108 9.10752 23.875 18.932 0.0418688 0.186114 8322 0.0675318 40205 0.129362 3302 
0.370089 0.25064 10.8049 21.4537 16.9477 0.909379 0.14814 55135 0.00384511 249048 0.00784186 4085 
0.352562 0.249764 9.57688 28.9067 16.1682 0.277714 0.241755 86382 0.00237318 387371 0.00438856 3638 
0.368115 0.252894 9.9007 22.2312 18.8592 0.0419139 0.274165 6171 0.124939 31644 0.221811 3461 
0.351326 0.250523 9.55159 25.7353 15.744 0.0690169 0.168378 9097 0.0133011 41350 0.0240871 3597 
0.378375 0.248592 9.59518 23.7245 18.3807 0.108488 0.270022 16082 0.0465116 75386 0.0960656 3546 
0.383489 0.251506 8.33799 28.3351 19.7988 0.0449807 0.081975 32785 0.0129327 150581 0.0281111 3119 
0.347107 0.250133 10.4578 23.6065 12.8732 0.737712 0.155214 27113 0.00143842 121747 0.00257091 3969 
0.393206 0.249157 11.2646 19.384 16.3084 0.0459935 0.225817 1694 0.206612 9697 0.381974 3694 
0.36918 0.254257 10.9294 16.78 16.957 0.430911 1.21409 10725 0.160466 57165 0.275833 3733 
0.37621 0.25104 9.94348 20.6738 18.4366 0.457461 0.305377 34303 0.0243419 158912 0.0502165 3700 
0.390343 0.251342 9.69675 28.892 11.8796 0.00596858 0.291119 747 0.103079 3828 0.209248 3392 
