r_hat,r1_hat,r2_hat,u_hat,t1_hat,t2_hat,t_hat,m1,m2,m1_obs,m2_obs,gamma,alpha1c,alpha2c,beta1c,beta2c,M1,M2,cells[0],cells[1],cells[2],WBC1[0],WBC1[1],WBC1[2]
0.068085,0.089534,0.127564,0.999958,54.833829,107.165654,42.210118,52.000000,78.000000,66.000000,115.000000,1157.000000,0.574178,0.010552,0.662128,0.026036,1611.000000,8373.000000,2611.000000,5544.000000,218.000000,669.000000,925.000000,17.000000
0.074076,0.092807,0.135577,1.190642,47.176903,58.135020,61.717921,44.000000,74.000000,69.000000,78.000000,1216.000000,0.210863,0.152290,0.209404,0.355756,1878.000000,12101.000000,5262.000000,2534.000000,4305.000000,1196.000000,396.000000,286.000000
0.066997,0.089973,0.139172,1.069818,34.687744,75.071655,65.481158,47.000000,78.000000,49.000000,88.000000,1123.000000,0.305182,0.134597,0.299470,0.353321,4168.000000,25682.000000,8917.000000,7691.000000,9074.000000,2335.000000,1272.000000,561.000000
0.058475,0.087521,0.138543,1.006841,56.112073,85.150117,73.069655,40.000000,87.000000,68.000000,93.000000,785.000000,0.315712,0.572687,0.160502,0.807761,2724.000000,30847.000000,979.000000,4951.000000,24917.000000,304.000000,860.000000,1560.000000
0.071552,0.087695,0.142262,0.984492,45.478961,79.309669,60.569165,33.000000,68.000000,56.000000,85.000000,1088.000000,0.312611,0.071018,0.322139,0.217956,4520.000000,25340.000000,11654.000000,8163.000000,5523.000000,2786.000000,1413.000000,321.000000
0.074677,0.087986,0.137042,1.009303,38.173760,69.984034,47.273898,34.000000,62.000000,50.000000,78.000000,1192.000000,0.334428,0.009192,0.388000,0.028448,4569.000000,22884.000000,13354.000000,8879.000000,651.000000,2999.000000,1528.000000,42.000000
0.055909,0.095507,0.136596,1.051029,28.538956,53.571832,75.403358,37.000000,60.000000,41.000000,64.000000,816.000000,0.335643,0.583007,0.197605,0.780702,3319.000000,38076.000000,826.000000,7524.000000,29726.000000,270.000000,1114.000000,1935.000000
0.078095,0.091524,0.140204,1.127455,60.917099,71.806373,73.911014,46.000000,87.000000,81.000000,89.000000,814.000000,0.246659,0.731959,0.112075,0.880497,2619.000000,35949.000000,267.000000,4029.000000,31653.000000,56.000000,646.000000,1917.000000
0.070769,0.091013,0.124758,1.063464,34.148083,96.360347,55.978838,39.000000,76.000000,48.000000,111.000000,1261.000000,0.361557,0.016418,0.447072,0.039867,5421.000000,27065.000000,13886.000000,12100.000000,1079.000000,3372.000000,1960.000000,89.000000
0.068519,0.088817,0.142245,0.885369,62.156516,92.363440,51.232287,43.000000,72.000000,65.000000,88.000000,1030.000000,0.468620,0.022044,0.537292,0.073578,3856.000000,19870.000000,7732.000000,10676.000000,1462.000000,1964.000000,1807.000000,85.000000
0.072390,0.083738,0.139641,0.893162,61.952739,77.929706,74.849148,42.000000,75.000000,66.000000,76.000000,648.000000,0.226388,0.749912,0.089158,0.903403,2827.000000,38314.000000,285.000000,3416.000000,34613.000000,67.000000,640.000000,2120.000000
0.069986,0.090785,0.140334,1.127853,32.430357,61.145463,73.975146,38.000000,70.000000,49.000000,77.000000,1020.000000,0.172662,0.298178,0.130311,0.606230,6533.000000,53196.000000,14015.000000,6932.000000,32249.000000,3457.000000,1128.000000,1948.000000
0.074308,0.088184,0.138936,0.930735,38.083379,84.128129,74.646581,43.000000,82.000000,46.000000,85.000000,821.000000,0.553939,0.285611,0.378466,0.538476,6943.000000,59284.000000,4924.000000,22437.000000,31923.000000,1114.000000,3846.000000,1983.000000
0.069698,0.091636,0.136806,1.047832,32.033033,59.494991,72.528069,40.000000,69.000000,45.000000,70.000000,1082.000000,0.087018,0.186004,0.085743,0.452334,7102.000000,45053.000000,20811.000000,3863.000000,20379.000000,5163.000000,618.000000,1321.000000
0.070345,0.091410,0.140315,1.041945,48.564436,74.451392,67.293228,45.000000,72.000000,62.000000,85.000000,1088.000000,0.478950,0.086937,0.481352,0.232357,8765.000000,54270.000000,15537.000000,26123.000000,12610.000000,3805.000000,4198.000000,762.000000
0.068606,0.091096,0.138022,1.029604,30.786137,66.569551,71.185698,38.000000,73.000000,43.000000,76.000000,1075.000000,0.364377,0.122155,0.362889,0.310980,9578.000000,59470.000000,19395.000000,21581.000000,18494.000000,4918.000000,3490.000000,1170.000000
0.071247,0.092272,0.141451,1.021570,25.381200,52.642390,77.269244,34.000000,58.000000,37.000000,61.000000,794.000000,0.132382,0.540846,0.073824,0.806502,6096.000000,69205.000000,8282.000000,5109.000000,55814.000000,1992.000000,807.000000,3297.000000
0.067920,0.087416,0.143793,1.131916,39.800965,55.771088,72.633822,28.000000,69.000000,58.000000,71.000000,1078.000000,0.129801,0.233113,0.101324,0.561935,8305.000000,61121.000000,20582.000000,6193.000000,34346.000000,5291.000000,1078.000000,1936.000000
0.067527,0.088867,0.139497,0.939554,41.963912,87.557162,70.337760,39.000000,71.000000,50.000000,89.000000,991.000000,0.487538,0.099081,0.473311,0.264788,11314.000000,68923.000000,18051.000000,32622.000000,18250.000000,4677.000000,5516.000000,1121.000000
0.069253,0.083958,0.140499,1.087189,32.239901,56.348954,77.323353,32.000000,63.000000,48.000000,69.000000,849.000000,0.283621,0.542414,0.135460,0.802623,5800.000000,65104.000000,4031.000000,8819.000000,52254.000000,1009.000000,1645.000000,3146.000000
0.071577,0.091372,0.141008,1.035101,37.360134,75.991850,77.725410,41.000000,80.000000,50.000000,86.000000,867.000000,0.292532,0.378701,0.190479,0.665433,9052.000000,86440.000000,12455.000000,16465.000000,57520.000000,2976.000000,2648.000000,3428.000000
0.070391,0.089670,0.137595,1.007200,34.519219,65.210451,72.746979,43.000000,70.000000,46.000000,73.000000,1047.000000,0.486845,0.105166,0.468777,0.264068,13493.000000,84217.000000,22499.000000,39479.000000,22239.000000,5505.000000,6569.000000,1419.000000
0.071933,0.092111,0.137201,0.949416,42.860718,78.027036,78.703629,33.000000,77.000000,51.000000,81.000000,885.000000,0.195309,0.268401,0.160765,0.544383,11725.000000,89889.000000,26504.000000,14451.000000,48934.000000,6288.000000,2290.000000,3147.000000
0.070187,0.088733,0.138319,0.987913,39.342015,67.675739,80.465961,39.000000,70.000000,50.000000,74.000000,839.000000,0.241665,0.403843,0.153438,0.691238,10618.000000,98639.000000,15321.000000,15135.000000,68183.000000,3764.000000,2566.000000,4288.000000
0.068690,0.109291,0.142013,0.912636,46.732201,53.223351,77.527468,28.000000,52.000000,51.000000,55.000000,794.000000,0.005115,0.368685,0.005154,0.714735,9580.000000,84602.000000,23698.000000,436.000000,60468.000000,5999.000000,49.000000,3532.000000
0.067340,0.092702,0.139748,1.043280,42.889605,70.484062,78.087378,48.000000,80.000000,56.000000,81.000000,942.000000,0.372369,0.270425,0.290824,0.541184,12399.000000,101374.000000,17030.000000,29482.000000,54862.000000,4429.000000,4617.000000,3353.000000
0.069294,0.100816,0.138662,0.925733,65.696663,80.286429,70.755710,52.000000,73.000000,70.000000,81.000000,1071.000000,0.008200,0.099363,0.011797,0.304721,11463.000000,59845.000000,40903.000000,706.000000,18236.000000,10230.000000,94.000000,1139.000000
0.071380,0.095761,0.136676,1.193634,31.446186,56.354555,63.800336,39.000000,62.000000,50.000000,76.000000,1424.000000,0.135711,0.037851,0.186156,0.117685,10515.000000,52037.000000,36226.000000,9687.000000,6124.000000,8690.000000,1427.000000,398.000000
0.067712,0.090482,0.143656,1.087838,32.153060,67.498558,61.530643,37.000000,57.000000,47.000000,81.000000,1282.000000,0.227399,0.049242,0.274380,0.172096,7920.000000,40094.000000,22193.000000,11001.000000,6900.000000,5729.000000,1801.000000,390.000000
0.070421,0.090031,0.140763,0.957200,37.994298,95.277842,61.952487,40.000000,74.000000,47.000000,98.000000,1110.000000,0.400880,0.023745,0.468820,0.076597,15456.000000,80003.000000,36368.000000,37507.000000,6128.000000,8893.000000,6196.000000,367.000000
0.069856,0.090536,0.139212,0.946641,66.069485,65.705995,81.894883,35.000000,66.000000,73.000000,69.000000,756.000000,0.054188,0.537212,0.031027,0.814267,10279.000000,109776.000000,16983.000000,3406.000000,89387.000000,4200.000000,557.000000,5522.000000
0.069933,0.090468,0.141624,1.022320,32.963843,67.279742,68.450305,38.000000,70.000000,45.000000,76.000000,1181.000000,0.162619,0.064601,0.190234,0.210230,14783.000000,77168.000000,46265.000000,14680.000000,16223.000000,11424.000000,2404.000000,955.000000
0.069241,0.088766,0.139822,1.070064,33.591581,65.740916,66.518326,37.000000,76.000000,48.000000,78.000000,1256.000000,0.304452,0.041019,0.353495,0.132227,16285.000000,82782.000000,42573.000000,29263.000000,10946.000000,10659.000000,4958.000000,668.000000
0.068823,0.088877,0.140509,0.968961,32.093923,71.317523,64.603557,34.000000,65.000000,42.000000,76.000000,1105.000000,0.300471,0.062073,0.333252,0.193348,8490.000000,45281.000000,21436.000000,15090.000000,8755.000000,5412.000000,2551.000000,527.000000
0.071210,0.085742,0.141471,1.094120,29.465971,70.619405,75.620030,41.000000,73.000000,45.000000,85.000000,1091.000000,0.046685,0.197149,0.038484,0.495401,13259.000000,89362.000000,41653.000000,3439.000000,44270.000000,10026.000000,619.000000,2614.000000
0.069570,0.084121,0.140001,1.140018,51.269241,56.014079,63.411441,39.000000,61.000000,72.000000,72.000000,1449.000000,0.025219,0.034686,0.030239,0.127161,12570.000000,56385.000000,47510.000000,1705.000000,7170.000000,11817.000000,317.000000,436.000000
0.072505,0.089848,0.142804,0.896510,49.103670,96.733055,70.525302,50.000000,78.000000,54.000000,93.000000,832.000000,0.793475,0.154073,0.622392,0.348524,8827.000000,67872.000000,1974.000000,42243.000000,23655.000000,463.000000,7004.000000,1360.000000
0.071117,0.086915,0.138038,0.972916,35.775076,56.481525,80.843060,36.000000,61.000000,46.000000,62.000000,914.000000,0.231759,0.260898,0.174656,0.546587,17022.000000,128470.000000,35812.000000,22438.000000,70220.000000,8636.000000,3945.000000,4441.000000
0.070837,0.089616,0.137312,0.933986,44.516604,76.230345,75.166906,39.000000,75.000000,52.000000,78.000000,1025.000000,0.249376,0.095320,0.263350,0.261302,20447.000000,116237.000000,55253.000000,30611.000000,30373.000000,13399.000000,5099.000000,1949.000000
0.070033,0.091212,0.139952,1.174805,18.828734,43.927002,71.818257,34.000000,57.000000,35.000000,60.000000,1250.000000,0.323349,0.100872,0.334148,0.276303,13988.000000,83897.000000,32682.000000,28034.000000,23181.000000,8054.000000,4523.000000,1411.000000
0.069708,0.088966,0.143093,1.105305,27.663053,65.389725,69.227098,38.000000,69.000000,43.000000,80.000000,1126.000000,0.743974,0.075271,0.683071,0.204020,15225.000000,98265.000000,11095.000000,67122.000000,20048.000000,2752.000000,11327.000000,1146.000000
0.069353,0.091783,0.142496,0.955535,44.571043,64.146550,72.455966,39.000000,62.000000,53.000000,68.000000,1061.000000,0.069335,0.107225,0.077836,0.331907,16442.000000,91821.000000,54198.000000,7147.000000,30476.000000,13539.000000,1140.000000,1763.000000
0.073155,0.087641,0.141524,1.060968,64.935201,62.681726,67.768627,37.000000,63.000000,81.000000,74.000000,994.000000,0.055846,0.251018,0.042563,0.562039,3438.000000,26032.000000,10293.000000,1108.000000,14631.000000,2383.000000,192.000000,863.000000
0.069797,0.089903,0.138554,1.163431,24.977074,51.230450,71.704938,34.000000,66.000000,42.000000,68.000000,1361.000000,0.121375,0.070038,0.143207,0.218650,18447.000000,94402.000000,60242.000000,13519.000000,20641.000000,14916.000000,2239.000000,1292.000000
0.070504,0.087935,0.139627,0.927044,36.090610,62.953351,80.429044,35.000000,63.000000,44.000000,65.000000,804.000000,0.247378,0.356030,0.161861,0.655025,12968.000000,115049.000000,21067.000000,18622.000000,75360.000000,5143.000000,3208.000000,4617.000000
0.071339,0.089400,0.141640,0.872615,50.697288,88.056272,76.301251,50.000000,80.000000,54.000000,83.000000,884.000000,0.338985,0.136856,0.310059,0.355863,21234.000000,138767.000000,46359.000000,43026.000000,49382.000000,11130.000000,7198.000000,2906.000000
0.068413,0.078450,0.144218,1.051068,68.123044,72.033336,70.769168,41.000000,74.000000,85.000000,83.000000,1241.000000,0.005872,0.080036,0.005582,0.283499,18904.000000,95489.000000,67885.000000,533.000000,27071.000000,17280.000000,111.000000,1513.000000
0.070190,0.090377,0.140689,1.016508,20.415587,53.885256,63.166459,30.000000,54.000000,32.000000,62.000000,1208.000000,0.307204,0.022605,0.376198,0.075719,19199.000000,95564.000000,52377.000000,35951.000000,7236.000000,12867.000000,5898.000000,434.000000
0.069574,0.086014,0.139364,0.938030,32.082573,63.184795,76.756829,37.000000,64.000000,41.000000,66.000000,1039.000000,0.142015,0.111516,0.141526,0.323023,24427.000000,136922.000000,73315.000000,19378.000000,44229.000000,18234.000000,3469.000000,2724.000000
0.070482,0.089986,0.139203,0.981502,30.659830,67.192076,66.937131,39.000000,61.000000,41.000000,73.000000,1153.000000,0.331014,0.027202,0.394864,0.086837,25292.000000,128229.000000,66461.000000,50633.000000,11135.000000,16232.000000,8372.000000,688.000000
0.070417,0.089998,0.140324,1.151148,26.242695,55.419894,75.699695,42.000000,69.000000,43.000000,72.000000,1153.000000,0.285940,0.163094,0.258862,0.403976,15206.000000,101610.000000,34259.000000,26303.000000,41048.000000,8378.000000,4348.000000,2480.000000
0.068138,0.087297,0.141364,1.037375,40.599252,64.259948,76.898068,47.000000,72.000000,54.000000,74.000000,1124.000000,0.092579,0.135177,0.090977,0.391694,23029.000000,134309.000000,69482.000000,12219.000000,52608.000000,17784.000000,2132.000000,3113.000000
0.071319,0.088228,0.140419,1.050028,29.616967,64.305114,82.651235,42.000000,74.000000,43.000000,75.000000,909.000000,0.507180,0.311520,0.333409,0.581605,21241.000000,188666.000000,16034.000000,62903.000000,109729.000000,3851.000000,10773.000000,6617.000000
0.067946,0.091194,0.141170,0.837675,33.204255,75.287209,78.609177,36.000000,66.000000,37.000000,69.000000,835.000000,0.443666,0.141511,0.407510,0.353149,27701.000000,186859.000000,44723.000000,76147.000000,65989.000000,11491.000000,12290.000000,3920.000000
0.066211,0.090497,0.142669,1.013888,34.319845,83.730558,52.553714,40.000000,75.000000,46.000000,92.000000,1097.000000,0.759840,0.019776,0.798509,0.058999,5259.000000,30577.000000,4357.000000,24416.000000,1804.000000,1159.000000,3996.000000,104.000000
0.067884,0.088179,0.133016,1.042091,33.760982,66.371999,66.795407,42.000000,74.000000,47.000000,77.000000,1228.000000,0.483862,0.021114,0.559054,0.059808,23918.000000,120754.000000,46024.000000,67508.000000,7222.000000,11840.000000,11573.000000,505.000000
0.069791,0.090539,0.140349,1.060389,20.075637,57.945350,64.179213,30.000000,61.000000,33.000000,69.000000,1172.000000,0.624050,0.021527,0.680983,0.063612,22902.000000,128341.000000,32779.000000,87398.000000,8164.000000,8117.000000,14292.000000,493.000000
0.066073,0.087317,0.137543,1.065210,27.976275,60.321897,76.046771,36.000000,70.000000,42.000000,72.000000,809.000000,0.106990,0.683017,0.050721,0.884185,3262.000000,39451.000000,2568.000000,2001.000000,34882.000000,685.000000,349.000000,2228.000000
0.070714,0.086996,0.138662,0.992696,51.968731,85.465094,66.982739,43.000000,71.000000,63.000000,92.000000,1238.000000,0.102111,0.028271,0.126143,0.098152,23876.000000,110105.000000,85409.000000,13889.000000,10807.000000,20763.000000,2438.000000,675.000000
0.069364,0.088575,0.139418,0.860081,46.844140,73.052273,82.377349,44.000000,68.000000,50.000000,69.000000,832.000000,0.150185,0.233535,0.123562,0.531160,25615.000000,183058.000000,63206.000000,22619.000000,97233.000000,15786.000000,3847.000000,5982.000000
0.070271,0.088567,0.140322,1.003045,47.529958,69.639773,76.408414,49.000000,74.000000,59.000000,77.000000,1100.000000,0.151890,0.107835,0.156763,0.313339,25400.000000,144677.000000,76664.000000,22680.000000,45333.000000,18803.000000,3858.000000,2739.000000
0.069179,0.086946,0.137608,0.931729,38.942509,81.814694,69.553200,38.000000,68.000000,47.000000,83.000000,1143.000000,0.142830,0.043578,0.171436,0.144075,20997.000000,99559.000000,68147.000000,17068.000000,14344.000000,17083.000000,2999.000000,915.000000
0.070514,0.090553,0.143466,1.126267,56.436257,56.957706,65.038350,37.000000,65.000000,76.000000,72.000000,1424.000000,0.003664,0.030457,0.004963,0.118856,21013.000000,94905.000000,83154.000000,471.000000,11280.000000,20296.000000,77.000000,640.000000
0.068960,0.089595,0.151581,0.880701,31.986132,93.323249,48.741796,37.000000,67.000000,38.000000,88.000000,977.000000,0.757408,0.003224,0.817079,0.012013,24197.000000,134599.000000,23004.000000,109978.000000,1617.000000,5792.000000,18327.000000,78.000000
0.070112,0.093152,0.119895,0.962560,39.131853,89.315587,58.069621,34.000000,69.000000,48.000000,94.000000,1216.000000,0.181238,0.003738,0.258275,0.009095,25679.000000,116105.000000,85062.000000,29987.000000,1056.000000,20929.000000,4654.000000,96.000000
0.070053,0.088067,0.138729,1.065120,42.160160,71.656065,60.668528,32.000000,63.000000,57.000000,84.000000,1400.000000,0.028277,0.012249,0.038671,0.046142,23022.000000,97981.000000,89671.000000,3789.000000,4521.000000,22089.000000,651.000000,282.000000
0.070110,0.087021,0.140677,0.908555,61.151387,87.547298,68.989130,44.000000,76.000000,66.000000,86.000000,1119.000000,0.041257,0.045821,0.049936,0.162189,21475.000000,101129.000000,79677.000000,5050.000000,16402.000000,19605.000000,886.000000,984.000000
0.069705,0.093258,0.141892,1.098400,62.110339,79.441826,59.025069,46.000000,82.000000,80.000000,95.000000,1371.000000,0.037875,0.037580,0.053010,0.139114,6759.000000,31183.000000,25192.000000,1653.000000,4338.000000,6249.000000,256.000000,254.000000
0.069936,0.093386,0.144732,1.136521,51.763046,99.555888,48.842224,48.000000,90.000000,71.000000,121.000000,1506.000000,0.046363,0.002960,0.071394,0.012730,21957.000000,92305.000000,84540.000000,6590.000000,1175.000000,20874.000000,1018.000000,65.000000
0.071393,0.093544,0.139943,1.079840,28.204508,53.974430,82.113112,35.000000,61.000000,42.000000,66.000000,984.000000,0.099361,0.295062,0.080485,0.604546,20189.000000,161857.000000,50980.000000,13027.000000,97850.000000,12226.000000,2006.000000,5957.000000
0.068627,0.090962,0.140143,0.792686,41.990774,86.217924,79.836803,37.000000,72.000000,42.000000,74.000000,774.000000,0.354653,0.181720,0.311865,0.427318,24125.000000,169195.000000,44129.000000,52766.000000,72300.000000,11185.000000,8556.000000,4384.000000
0.068815,0.089809,0.139677,0.931839,41.449517,76.546113,77.933207,45.000000,77.000000,49.000000,78.000000,1021.000000,0.129893,0.120218,0.136933,0.343588,27184.000000,155404.000000,80729.000000,21280.000000,53395.000000,20385.000000,3531.000000,3268.000000
0.070658,0.091096,0.149848,1.178908,30.586446,65.427191,55.424240,46.000000,78.000000,49.000000,85.000000,1504.000000,0.101950,0.008137,0.141671,0.036615,24826.000000,110474.000000,90778.000000,15651.000000,4045.000000,22093.000000,2531.000000,202.000000
0.071118,0.091247,0.137743,0.902681,45.539146,74.718102,75.254044,50.000000,69.000000,51.000000,74.000000,1038.000000,0.089535,0.080133,0.105613,0.239547,25208.000000,132550.000000,86799.000000,13999.000000,31752.000000,20931.000000,2257.000000,2020.000000
0.070705,0.090039,0.139007,1.001273,47.818657,70.706938,75.888926,45.000000,70.000000,59.000000,78.000000,1008.000000,0.069469,0.198507,0.063424,0.482578,11919.000000,79040.000000,35884.000000,5013.000000,38143.000000,8725.000000,828.000000,2366.000000
0.071170,0.084342,0.139443,0.923664,63.928707,70.779046,76.387862,37.000000,70.000000,70.000000,72.000000,1057.000000,0.017808,0.093124,0.018148,0.285670,27909.000000,147954.000000,103003.000000,2685.000000,42266.000000,24813.000000,497.000000,2599.000000
0.070064,0.091523,0.139465,0.920090,49.937377,75.430338,77.376740,36.000000,75.000000,56.000000,76.000000,943.000000,0.073947,0.180309,0.071805,0.456743,16566.000000,106399.000000,50162.000000,7640.000000,48597.000000,12354.000000,1225.000000,2987.000000
0.069459,0.090236,0.140780,0.984002,31.600827,54.888480,77.901103,33.000000,60.000000,42.000000,61.000000,1095.000000,0.069530,0.111068,0.075945,0.333377,31224.000000,173758.000000,102635.000000,13196.000000,57927.000000,25585.000000,2171.000000,3468.000000
0.069355,0.089380,0.139379,0.973645,48.381798,81.153229,78.796775,34.000000,78.000000,58.000000,86.000000,1038.000000,0.183677,0.132536,0.183297,0.359520,27336.000000,163674.000000,74829.000000,30001.000000,58844.000000,18692.000000,5021.000000,3623.000000
0.069501,0.089721,0.184444,0.911724,53.566874,122.906564,27.516073,49.000000,80.000000,59.000000,117.000000,1179.000000,0.171045,0.000137,0.235896,0.001253,29273.000000,127692.000000,97410.000000,30122.000000,160.000000,24262.000000,5007.000000,4.000000
0.070681,0.085859,0.139229,1.076189,28.308766,66.224766,78.794531,42.000000,78.000000,43.000000,79.000000,1093.000000,0.137091,0.182958,0.117069,0.454310,19622.000000,127959.000000,54846.000000,14980.000000,58133.000000,13342.000000,2690.000000,3590.000000
0.070456,0.091261,0.139027,0.760910,48.182103,97.944454,83.724936,37.000000,70.000000,45.000000,80.000000,744.000000,0.140464,0.216840,0.124516,0.499683,32471.000000,227256.000000,85403.000000,28297.000000,113556.000000,20869.000000,4561.000000,7041.000000
0.071579,0.088135,0.143413,0.886073,28.153846,68.641670,71.058919,31.000000,60.000000,35.000000,67.000000,857.000000,0.166885,0.198323,0.136582,0.490333,7634.000000,54363.000000,20282.000000,7425.000000,26656.000000,4846.000000,1274.000000,1514.000000
0.069324,0.088822,0.139802,0.947985,47.814183,80.401109,73.282067,48.000000,79.000000,56.000000,83.000000,1139.000000,0.024359,0.069400,0.029336,0.231691,24755.000000,121455.000000,89752.000000,3563.000000,28140.000000,22434.000000,603.000000,1718.000000
0.070500,0.084177,0.136452,1.020577,66.507347,66.159274,68.082985,37.000000,73.000000,80.000000,75.000000,1263.000000,0.029168,0.048069,0.033610,0.157573,14708.000000,68730.000000,55590.000000,2310.000000,10830.000000,13572.000000,429.000000,707.000000
0.070128,0.091052,0.139309,0.918812,41.258567,70.095397,78.026511,40.000000,63.000000,48.000000,71.000000,1028.000000,0.093144,0.102680,0.104435,0.302230,31564.000000,173927.000000,103197.000000,18164.000000,52566.000000,25383.000000,2940.000000,3241.000000
0.069045,0.088597,0.137797,0.908796,32.727273,59.864720,72.472727,37.000000,56.000000,40.000000,61.000000,1067.000000,0.320085,0.042027,0.370492,0.130130,32860.000000,166994.000000,83393.000000,61870.000000,21731.000000,20961.000000,10518.000000,1381.000000
0.069200,0.091370,0.142338,1.143320,28.414573,65.570059,53.921370,43.000000,74.000000,45.000000,83.000000,1480.000000,0.141069,0.004063,0.201235,0.016063,30765.000000,134097.000000,104958.000000,26985.000000,2154.000000,26300.000000,4340.000000,125.000000
0.067402,0.090052,0.141623,0.962534,55.386516,76.052972,71.987517,41.000000,73.000000,64.000000,80.000000,929.000000,0.097101,0.237995,0.081778,0.562236,6622.000000,47617.000000,16951.000000,3894.000000,26772.000000,4403.000000,643.000000,1576.000000
0.069924,0.087629,0.138877,0.887349,40.428094,75.066920,80.700377,45.000000,70.000000,46.000000,73.000000,956.000000,0.171428,0.127327,0.168327,0.348439,35986.000000,211446.000000,102178.000000,35592.000000,73676.000000,25235.000000,6169.000000,4582.000000
0.071845,0.089593,0.103972,0.922351,40.879324,115.063434,30.566417,35.000000,62.000000,48.000000,115.000000,1059.000000,0.581013,0.000338,0.663997,0.000515,8869.000000,46568.000000,15623.000000,30921.000000,24.000000,3713.000000,5153.000000,3.000000
0.075534,0.090996,0.138912,0.963399,39.872040,77.916484,68.057803,41.000000,77.000000,49.000000,82.000000,965.000000,0.819806,0.067466,0.760166,0.163111,11754.000000,78229.000000,6002.000000,59467.000000,12760.000000,1325.000000,9636.000000,793.000000
0.070080,0.088224,0.140291,1.008413,41.223011,77.162832,71.330233,47.000000,79.000000,53.000000,85.000000,1232.000000,0.081400,0.045088,0.099656,0.156383,29742.000000,141838.000000,105522.000000,14135.000000,22181.000000,25980.000000,2421.000000,1341.000000
0.069594,0.090566,0.127434,0.983103,19.473941,69.459065,58.944431,25.000000,47.000000,30.000000,76.000000,1308.000000,0.055176,0.004770,0.080766,0.014597,29977.000000,125301.000000,113352.000000,10120.000000,1829.000000,28180.000000,1654.000000,143.000000
0.069709,0.087403,0.138952,0.821803,37.232261,70.680843,76.304556,31.000000,55.000000,40.000000,64.000000,724.000000,0.580899,0.293207,0.389508,0.551236,8523.000000,73005.000000,4326.000000,28436.000000,40243.000000,1073.000000,4951.000000,2499.000000
0.070495,0.087363,0.140200,0.922104,29.763571,55.766988,78.762728,35.000000,57.000000,38.000000,58.000000,1023.000000,0.156254,0.099122,0.160618,0.293140,38175.000000,213127.000000,116419.000000,34232.000000,62476.000000,28426.000000,5965.000000,3784.000000
0.070154,0.089632,0.141242,0.785080,38.519703,93.546667,74.283881,33.000000,72.000000,39.000000,79.000000,919.000000,0.223422,0.047193,0.262863,0.155870,45282.000000,231128.000000,134347.000000,60755.000000,36026.000000,33028.000000,10117.000000,2137.000000
0.070679,0.089710,0.138937,1.068654,30.962052,72.341760,75.294851,41.000000,73.000000,45.000000,85.000000,1262.000000,0.154219,0.052364,0.184337,0.167524,41441.000000,208531.000000,135157.000000,38440.000000,34934.000000,32880.000000,6391.000000,2170.000000
0.070043,0.090456,0.138524,1.000916,58.880828,80.700441,71.761013,45.000000,86.000000,70.000000,88.000000,1190.000000,0.048342,0.069519,0.059200,0.222639,18700.000000,93227.000000,66952.000000,5519.000000,20756.000000,16496.000000,904.000000,1300.000000
0.067013,0.095716,0.143147,1.093285,37.115459,59.785418,72.081339,42.000000,68.000000,52.000000,73.000000,832.000000,0.129423,0.566514,0.073389,0.829498,3052.000000,36504.000000,3545.000000,2679.000000,30280.000000,928.000000,395.000000,1729.000000
0.068267,0.100541,0.141301,0.773236,120.673704,97.677515,88.167891,43.000000,80.000000,101.000000,81.000000,577.000000,0.004296,0.668449,0.002548,0.895685,22811.000000,287332.000000,29241.000000,732.000000,257359.000000,7465.000000,98.000000,15248.000000
0.070159,0.090827,0.137898,0.989357,47.613917,75.630350,68.520163,42.000000,68.000000,58.000000,82.000000,1215.000000,0.114310,0.036157,0.148664,0.120552,22264.000000,105291.000000,76945.000000,15653.000000,12693.000000,18914.000000,2545.000000,805.000000
0.068803,0.090763,0.142570,1.061982,20.056313,42.892586,75.061223,29.000000,52.000000,33.000000,53.000000,1026.000000,0.263411,0.196087,0.226216,0.474600,13086.000000,93601.000000,28004.000000,21174.000000,44423.000000,7073.000000,3447.000000,2566.000000
0.069635,0.089498,0.135008,1.021056,34.857318,73.881383,62.370322,40.000000,69.000000,47.000000,83.000000,1202.000000,0.415252,0.019545,0.492163,0.057561,15605.000000,78856.000000,35507.000000,38810.000000,4539.000000,8820.000000,6480.000000,305.000000
0.069805,0.092334,0.142406,0.893444,39.536628,90.353777,64.036086,38.000000,75.000000,45.000000,87.000000,1132.000000,0.129324,0.012594,0.182037,0.048259,42003.000000,189148.000000,145588.000000,34432.000000,9128.000000,36042.000000,5432.000000,529.000000
0.070487,0.087486,0.140658,1.089605,28.951193,58.969591,67.733876,38.000000,71.000000,44.000000,72.000000,1233.000000,0.449239,0.043524,0.479781,0.134632,18932.000000,101982.000000,39323.000000,48929.000000,13730.000000,9603.000000,8505.000000,824.000000
0.069924,0.091590,0.138673,0.843823,49.521031,81.670018,76.810931,49.000000,71.000000,51.000000,75.000000,815.000000,0.581366,0.151964,0.508218,0.340641,17366.000000,124063.000000,18751.000000,63051.000000,42261.000000,4631.000000,10096.000000,2639.000000
0.070157,0.090469,0.139870,0.916436,39.140985,69.233319,81.207164,40.000000,69.000000,46.000000,70.000000,809.000000,0.116913,0.344864,0.083408,0.660808,15148.000000,129664.000000,33166.000000,10815.000000,85683.000000,8153.000000,1771.000000,5224.000000
0.068935,0.089683,0.139631,0.904776,62.901177,77.942249,69.606173,42.000000,62.000000,67.000000,77.000000,1158.000000,0.033533,0.032668,0.045384,0.120056,31193.000000,138552.000000,115630.000000,6288.000000,16634.000000,29128.000000,1046.000000,1019.000000
0.069303,0.091041,0.138574,0.944506,55.717502,67.955226,84.385098,40.000000,69.000000,63.000000,71.000000,1018.000000,0.005074,0.156516,0.005325,0.425012,47893.000000,281884.000000,160579.000000,1501.000000,119804.000000,40154.000000,243.000000,7496.000000
0.071064,0.090452,0.139169,0.896171,26.883559,57.534247,82.078757,32.000000,55.000000,34.000000,58.000000,767.000000,0.128713,0.393948,0.086018,0.697515,14342.000000,131008.000000,28359.000000,11269.000000,91380.000000,6846.000000,1846.000000,5650.000000
0.069437,0.088507,0.143033,0.952890,39.074552,72.765977,67.313252,44.000000,74.000000,48.000000,76.000000,1224.000000,0.061865,0.021291,0.082339,0.084327,40815.000000,180060.000000,150050.000000,14826.000000,15184.000000,37421.000000,2525.000000,869.000000
0.069523,0.080491,0.140304,1.115803,36.868132,58.296353,67.362165,44.000000,72.000000,55.000000,73.000000,1470.000000,0.011692,0.017291,0.013777,0.067393,44475.000000,188788.000000,173464.000000,2601.000000,12723.000000,43186.000000,520.000000,769.000000
0.070280,0.091542,0.138059,0.873803,18.831062,60.277639,59.935262,24.000000,53.000000,26.000000,59.000000,1118.000000,0.137094,0.004931,0.192987,0.017599,50294.000000,222911.000000,175969.000000,43019.000000,3923.000000,43151.000000,6895.000000,248.000000
0.068684,0.091488,0.141818,0.947655,31.279131,77.367667,65.484018,39.000000,73.000000,40.000000,80.000000,1219.000000,0.112786,0.015142,0.159550,0.058611,41805.000000,184181.000000,144000.000000,29386.000000,10795.000000,36457.000000,4715.000000,633.000000
0.070628,0.089888,0.143071,0.959753,23.258884,86.784641,54.928096,32.000000,66.000000,33.000000,90.000000,1266.000000,0.044158,0.002775,0.063030,0.011475,53331.000000,225527.000000,208724.000000,14215.000000,2588.000000,50828.000000,2355.000000,148.000000
0.067362,0.093375,0.143462,1.249196,38.922422,75.482571,52.169546,55.000000,80.000000,62.000000,103.000000,1351.000000,0.540783,0.041191,0.599930,0.124432,2452.000000,14305.000000,3943.000000,8582.000000,1780.000000,1025.000000,1326.000000,101.000000
0.069887,0.091320,0.140053,1.171135,29.181566,51.777075,71.940743,46.000000,68.000000,47.000000,69.000000,1339.000000,0.205271,0.066029,0.240106,0.204691,21854.000000,116053.000000,64433.000000,27865.000000,23755.000000,15925.000000,4486.000000,1443.000000
0.068811,0.092376,0.139600,0.826286,55.737643,88.445226,83.466775,41.000000,75.000000,55.000000,79.000000,926.000000,0.049297,0.115673,0.056797,0.342696,60896.000000,335318.000000,201361.000000,19045.000000,114912.000000,50850.000000,3002.000000,7044.000000
0.069360,0.089532,0.138742,0.821382,43.616564,91.406643,70.534177,41.000000,72.000000,45.000000,81.000000,1064.000000,0.056631,0.019925,0.077916,0.073350,55659.000000,242454.000000,205779.000000,18891.000000,17784.000000,51398.000000,3152.000000,1109.000000
0.070259,0.092681,0.133615,1.118764,37.477888,64.917098,63.905909,50.000000,74.000000,54.000000,81.000000,1389.000000,0.114824,0.029564,0.157667,0.092049,11940.000000,55503.000000,41643.000000,8751.000000,5109.000000,10216.000000,1371.000000,353.000000
0.071408,0.087015,0.135754,1.027381,42.041904,88.021885,61.347771,51.000000,87.000000,55.000000,98.000000,1222.000000,0.339793,0.024927,0.390204,0.075874,10992.000000,54551.000000,29126.000000,21286.000000,4139.000000,6983.000000,3735.000000,274.000000
0.066454,0.091706,0.139377,0.900286,35.747405,75.021352,78.679970,41.000000,71.000000,42.000000,74.000000,759.000000,0.631193,0.326404,0.419770,0.563212,10919.000000,102773.000000,1749.000000,43141.000000,57883.000000,463.000000,6892.000000,3564.000000
0.070086,0.089040,0.138678,0.982180,33.567349,56.932070,76.513552,35.000000,58.000000,44.000000,63.000000,1222.000000,0.019519,0.044947,0.024987,0.155274,56355.000000,261260.000000,214165.000000,6528.000000,40567.000000,52722.000000,1100.000000,2533.000000
0.070098,0.093753,0.140071,0.944331,52.870709,48.985143,73.849519,25.000000,46.000000,60.000000,53.000000,1191.000000,0.007801,0.036711,0.011211,0.133227,51402.000000,233249.000000,199559.000000,2615.000000,31075.000000,49114.000000,401.000000,1887.000000
0.069586,0.091922,0.138784,0.910189,46.252173,78.491033,77.739526,42.000000,73.000000,52.000000,78.000000,1118.000000,0.032669,0.053089,0.043381,0.179977,56904.000000,269401.000000,209228.000000,11687.000000,48486.000000,52024.000000,1859.000000,3021.000000
0.069881,0.093802,0.139680,0.998559,31.399829,63.943257,59.865046,41.000000,68.000000,42.000000,71.000000,1304.000000,0.066059,0.007281,0.100303,0.027674,35983.000000,154692.000000,134895.000000,15516.000000,4281.000000,33344.000000,2377.000000,262.000000
0.070451,0.088939,0.140088,0.931532,34.916847,71.227111,79.065592,42.000000,72.000000,43.000000,73.000000,1135.000000,0.064090,0.046748,0.079277,0.160837,83897.000000,401706.000000,305251.000000,31846.000000,64609.000000,74598.000000,5377.000000,3922.000000
0.069018,0.089577,0.143469,1.053804,31.538805,61.353731,67.921428,34.000000,69.000000,45.000000,72.000000,1095.000000,0.405016,0.106479,0.388801,0.300345,9091.000000,56808.000000,17659.000000,22087.000000,17062.000000,4441.000000,3682.000000,968.000000
0.069798,0.090197,0.139413,0.718001,76.656724,101.461918,82.754603,50.000000,72.000000,63.000000,78.000000,617.000000,0.053869,0.402773,0.036081,0.721907,15649.000000,141902.000000,34342.000000,5120.000000,102440.000000,8503.000000,843.000000,6303.000000
0.067089,0.087850,0.143003,0.858295,38.716358,87.380287,76.486776,40.000000,79.000000,43.000000,81.000000,727.000000,0.468160,0.334163,0.291579,0.627142,9642.000000,89715.000000,7292.000000,26159.000000,56264.000000,1906.000000,4514.000000,3222.000000
0.070512,0.090650,0.137104,0.972686,47.569127,70.840415,81.166295,41.000000,71.000000,57.000000,76.000000,842.000000,0.193251,0.388451,0.132680,0.675338,11291.000000,100791.000000,19350.000000,13373.000000,68068.000000,4723.000000,2182.000000,4386.000000
0.070172,0.078851,0.141664,1.044696,72.510134,59.946153,68.195987,39.000000,62.000000,89.000000,70.000000,1380.000000,0.005519,0.011604,0.006325,0.046710,79542.000000,335946.000000,318129.000000,2125.000000,15692.000000,78180.000000,439.000000,923.000000
0.070525,0.089895,0.141240,1.001172,56.796345,75.822706,67.639599,39.000000,78.000000,68.000000,83.000000,1318.000000,0.009354,0.009974,0.013308,0.039625,83815.000000,355660.000000,336834.000000,4733.000000,14093.000000,82195.000000,784.000000,836.000000
