r_hat,r1_hat,r2_hat,u_hat,t1_hat,t2_hat,t_hat,m1,m2,m1_obs,m2_obs,gamma,alpha1c,alpha2c,beta1c,beta2c,M1,M2,cells[0],cells[1],cells[2],WBC1[0],WBC1[1],WBC1[2]
0.263771,0.292456,0.347958,0.928717,13.808758,18.661186,20.980888,13.000000,18.000000,16.000000,20.000000,273.000000,0.048223,0.659898,0.041144,0.743101,394.000000,1993.000000,430.000000,82.000000,1481.000000,115.000000,19.000000,260.000000
0.245382,0.312770,0.332455,0.961742,16.558574,20.907002,20.750852,14.000000,21.000000,19.000000,23.000000,325.000000,0.214203,0.218859,0.248938,0.280657,859.000000,3531.000000,1661.000000,879.000000,991.000000,487.000000,184.000000,188.000000
0.262112,0.298570,0.361377,1.008807,21.432459,24.988371,19.291980,23.000000,26.000000,25.000000,28.000000,323.000000,0.626123,0.104853,0.629996,0.144425,1669.000000,7381.000000,1665.000000,4650.000000,1066.000000,449.000000,1045.000000,175.000000
0.251170,0.294778,0.337932,1.272988,16.246450,16.679651,22.950687,21.000000,24.000000,25.000000,25.000000,433.000000,0.118399,0.239578,0.127049,0.318989,1799.000000,7320.000000,4055.000000,930.000000,2335.000000,1155.000000,213.000000,431.000000
0.243156,0.306056,0.341404,1.174623,18.867385,22.611026,21.053252,23.000000,29.000000,26.000000,30.000000,421.000000,0.072575,0.154143,0.088385,0.224009,1557.000000,5906.000000,4061.000000,522.000000,1323.000000,1204.000000,113.000000,240.000000
0.250276,0.290141,0.340597,0.969130,24.413450,24.924028,19.807585,16.000000,23.000000,27.000000,27.000000,346.000000,0.150943,0.094340,0.169470,0.136313,1643.000000,6243.000000,4334.000000,1058.000000,851.000000,1240.000000,248.000000,155.000000
0.252619,0.294700,0.336718,1.087838,23.265107,28.284820,24.100030,28.000000,33.000000,29.000000,34.000000,358.000000,0.276486,0.267442,0.283288,0.338085,2322.000000,9891.000000,3745.000000,2802.000000,3344.000000,1059.000000,642.000000,621.000000
0.249721,0.301357,0.321888,1.075503,11.558436,21.997862,8.413031,15.000000,15.000000,16.000000,27.000000,398.000000,0.125547,0.001312,0.156647,0.001814,2286.000000,8267.000000,6957.000000,1295.000000,15.000000,1996.000000,287.000000,3.000000
0.249546,0.285586,0.338101,1.075528,22.532148,31.444013,16.258946,26.000000,31.000000,28.000000,37.000000,397.000000,0.160163,0.018293,0.184090,0.027339,2460.000000,8925.000000,7038.000000,1643.000000,244.000000,2021.000000,394.000000,45.000000
0.245020,0.264810,0.338178,1.016333,33.613016,29.512634,23.388548,29.000000,32.000000,38.000000,33.000000,362.000000,0.011900,0.205991,0.011694,0.292136,2437.000000,9321.000000,6489.000000,109.000000,2723.000000,1906.000000,29.000000,502.000000
0.250418,0.287348,0.334348,1.165552,16.253035,21.032059,17.039394,22.000000,26.000000,23.000000,28.000000,422.000000,0.255499,0.023689,0.288783,0.033867,2364.000000,8799.000000,5960.000000,2541.000000,298.000000,1704.000000,604.000000,56.000000
0.243782,0.292851,0.328412,0.999433,19.598349,21.969228,23.087581,20.000000,24.000000,23.000000,25.000000,369.000000,0.046163,0.118528,0.054870,0.168296,3206.000000,11664.000000,9061.000000,640.000000,1963.000000,2678.000000,148.000000,380.000000
0.248876,0.284068,0.353057,0.977990,16.929820,22.730227,19.786148,19.000000,23.000000,20.000000,25.000000,360.000000,0.108070,0.043275,0.122682,0.069362,4275.000000,15585.000000,12592.000000,1912.000000,1081.000000,3628.000000,462.000000,185.000000
0.247299,0.315330,0.327151,1.095708,17.819701,29.798764,13.277676,20.000000,23.000000,23.000000,36.000000,418.000000,0.017878,0.004325,0.024888,0.006388,3468.000000,12054.000000,11677.000000,300.000000,77.000000,3391.000000,62.000000,15.000000
0.244060,0.307665,0.368491,0.988912,17.985158,26.611369,18.102953,17.000000,26.000000,21.000000,29.000000,366.000000,0.116803,0.030933,0.149973,0.053835,4041.000000,14656.000000,11669.000000,2198.000000,789.000000,3444.000000,472.000000,125.000000
0.245846,0.299186,0.359729,0.847789,19.068827,20.810893,21.556464,18.000000,18.000000,19.000000,20.000000,308.000000,0.070914,0.086898,0.085073,0.141102,4442.000000,16527.000000,12789.000000,1406.000000,2332.000000,3741.000000,315.000000,386.000000
0.251455,0.287860,0.349228,1.109609,15.451678,20.568226,21.322971,20.000000,25.000000,21.000000,26.000000,399.000000,0.153878,0.061841,0.172569,0.094259,4835.000000,18184.000000,13332.000000,3138.000000,1714.000000,3792.000000,744.000000,299.000000
0.247454,0.315294,0.329062,0.966371,33.046346,33.179049,19.419582,26.000000,32.000000,35.000000,35.000000,365.000000,0.027930,0.021702,0.038356,0.031928,5299.000000,18667.000000,17355.000000,716.000000,596.000000,5036.000000,148.000000,115.000000
0.250029,0.426325,0.332325,1.011327,37.206386,20.722102,17.112706,18.000000,22.000000,40.000000,24.000000,382.000000,0.001486,0.011890,0.003559,0.017797,4710.000000,16576.000000,16222.000000,59.000000,295.000000,4647.000000,7.000000,56.000000
0.247677,0.289720,0.349118,1.139663,19.362153,16.439592,23.279840,16.000000,21.000000,26.000000,22.000000,405.000000,0.019215,0.162229,0.021328,0.242342,3643.000000,13972.000000,10288.000000,298.000000,3386.000000,2982.000000,70.000000,591.000000
0.250570,0.298366,0.336089,1.005392,20.519713,22.885173,22.317072,17.000000,23.000000,24.000000,26.000000,369.000000,0.049991,0.059530,0.060738,0.087341,5661.000000,20712.000000,17645.000000,1258.000000,1809.000000,5041.000000,283.000000,337.000000
0.252470,0.306175,0.344553,1.025462,22.088322,32.203821,18.059835,21.000000,28.000000,26.000000,36.000000,381.000000,0.025060,0.016707,0.032216,0.026021,5387.000000,19369.000000,18241.000000,624.000000,504.000000,5162.000000,135.000000,90.000000
0.249605,0.321325,0.365625,1.033730,22.039511,27.253441,12.905281,21.000000,27.000000,26.000000,31.000000,382.000000,0.089024,0.003218,0.122412,0.005522,5594.000000,20284.000000,17689.000000,2483.000000,112.000000,5078.000000,498.000000,18.000000
0.250155,0.298331,0.312664,1.079821,25.356477,28.288376,18.633419,30.000000,31.000000,31.000000,34.000000,405.000000,0.045401,0.011939,0.056815,0.016050,5947.000000,21121.000000,19582.000000,1200.000000,339.000000,5606.000000,270.000000,71.000000
0.247371,0.295734,0.341626,0.901835,25.448687,28.120636,21.646766,20.000000,27.000000,26.000000,28.000000,326.000000,0.060784,0.115686,0.071264,0.170614,2550.000000,9542.000000,7234.000000,680.000000,1628.000000,2100.000000,155.000000,295.000000
0.251356,0.300097,0.340429,1.018967,22.183796,33.373833,17.479811,23.000000,28.000000,26.000000,37.000000,382.000000,0.015911,0.011976,0.020079,0.018490,5845.000000,20768.000000,19967.000000,417.000000,384.000000,5682.000000,93.000000,70.000000
0.250669,0.311085,0.345336,1.184652,6.070868,11.454474,21.775018,10.000000,12.000000,11.000000,17.000000,436.000000,0.031972,0.049234,0.041541,0.075919,6662.000000,24289.000000,21436.000000,1009.000000,1844.000000,6121.000000,213.000000,328.000000
0.253155,0.284993,0.341484,1.094394,16.593590,19.001542,24.867589,15.000000,23.000000,22.000000,24.000000,392.000000,0.036650,0.108720,0.040287,0.158516,8131.000000,30754.000000,24640.000000,1239.000000,4875.000000,6949.000000,298.000000,884.000000
0.246880,0.320735,0.351518,1.153423,23.758690,23.164742,20.797079,23.000000,29.000000,31.000000,30.000000,432.000000,0.025679,0.038076,0.035801,0.061918,6776.000000,24161.000000,21800.000000,865.000000,1496.000000,6344.000000,174.000000,258.000000
0.248581,0.289461,0.362063,0.941914,22.025339,35.458097,17.397405,23.000000,30.000000,24.000000,36.000000,353.000000,0.078199,0.011447,0.093460,0.019668,7775.000000,27659.000000,24530.000000,2585.000000,544.000000,7078.000000,608.000000,89.000000
0.249373,0.294656,0.336882,0.792333,23.110234,31.108194,19.853720,20.000000,25.000000,21.000000,27.000000,294.000000,0.102598,0.017755,0.124219,0.026550,8392.000000,30245.000000,25685.000000,3757.000000,803.000000,7382.000000,861.000000,149.000000
0.251674,0.290043,0.360253,1.013839,11.347494,25.828326,19.593916,14.000000,26.000000,15.000000,29.000000,371.000000,0.136826,0.019162,0.158967,0.031625,10020.000000,36775.000000,29766.000000,5846.000000,1163.000000,8457.000000,1371.000000,192.000000
0.250141,0.286149,0.340670,1.065009,19.040341,18.660667,17.253474,19.000000,22.000000,24.000000,23.000000,403.000000,0.001399,0.008266,0.001666,0.012932,7864.000000,27605.000000,27202.000000,46.000000,357.000000,7788.000000,11.000000,65.000000
0.249660,0.296564,0.340745,1.117227,18.109801,25.707599,20.207208,21.000000,29.000000,24.000000,32.000000,410.000000,0.146937,0.018898,0.176971,0.028387,9419.000000,34452.000000,27377.000000,6097.000000,978.000000,7857.000000,1384.000000,178.000000
0.248449,0.285759,0.356015,0.941969,24.102301,29.039298,21.632956,22.000000,26.000000,26.000000,30.000000,349.000000,0.077310,0.039127,0.089263,0.064190,9533.000000,34460.000000,29172.000000,3076.000000,2212.000000,8423.000000,737.000000,373.000000
0.248734,0.287437,0.318102,0.970649,23.307175,30.854217,19.348695,24.000000,26.000000,26.000000,33.000000,366.000000,0.058157,0.011211,0.069390,0.015593,8563.000000,30206.000000,27639.000000,2096.000000,471.000000,7969.000000,498.000000,96.000000
0.249880,0.312761,0.378915,0.997448,25.876851,29.442745,18.660455,23.000000,28.000000,29.000000,32.000000,372.000000,0.027804,0.018295,0.037080,0.033963,9675.000000,34655.000000,32193.000000,1285.000000,1177.000000,9229.000000,269.000000,177.000000
0.249102,0.332280,0.370342,0.938798,38.532986,40.972674,17.835692,32.000000,37.000000,39.000000,41.000000,355.000000,0.005558,0.010746,0.008326,0.019471,10795.000000,37953.000000,36898.000000,316.000000,739.000000,10619.000000,60.000000,116.000000
0.250482,0.292957,0.337330,0.887259,25.890255,27.466332,23.084149,25.000000,25.000000,26.000000,27.000000,330.000000,0.022222,0.039964,0.026758,0.060075,11160.000000,40100.000000,36618.000000,1073.000000,2409.000000,10466.000000,248.000000,446.000000
0.251277,0.289763,0.330792,1.132277,23.927365,26.121767,19.547460,22.000000,29.000000,31.000000,33.000000,426.000000,0.009476,0.009400,0.011412,0.013898,13085.000000,46267.000000,45096.000000,528.000000,643.000000,12838.000000,124.000000,123.000000
0.250286,0.288072,0.350375,1.038791,16.744457,23.137668,22.252958,17.000000,26.000000,21.000000,27.000000,388.000000,0.006888,0.032295,0.008138,0.052102,13067.000000,46697.000000,43884.000000,380.000000,2433.000000,12555.000000,90.000000,422.000000
0.248552,0.287512,0.342449,0.996223,25.631837,31.208770,19.764939,27.000000,31.000000,29.000000,34.000000,377.000000,0.031956,0.010883,0.038316,0.017174,14426.000000,50658.000000,47847.000000,1941.000000,870.000000,13808.000000,461.000000,157.000000
0.252599,0.297189,0.325021,0.965804,18.378682,20.737630,16.191856,19.000000,20.000000,21.000000,23.000000,360.000000,0.043348,0.002718,0.053531,0.003858,13980.000000,50027.000000,47156.000000,2678.000000,193.000000,13336.000000,606.000000,38.000000
0.249148,0.299667,0.357301,1.280227,18.534080,19.072360,19.186653,15.000000,27.000000,28.000000,28.000000,483.000000,0.024888,0.010199,0.031583,0.017265,15590.000000,54967.000000,52282.000000,1736.000000,949.000000,15043.000000,388.000000,159.000000
0.256176,0.302883,0.339967,1.094790,26.841161,29.941557,20.054369,23.000000,31.000000,33.000000,36.000000,381.000000,0.104276,0.125281,0.120542,0.174328,1333.000000,5243.000000,3697.000000,632.000000,914.000000,1027.000000,139.000000,167.000000
0.248998,0.290500,0.358146,1.039337,21.573600,24.148093,19.205369,20.000000,23.000000,26.000000,28.000000,393.000000,0.021426,0.010003,0.026050,0.017056,16195.000000,56930.000000,54476.000000,1483.000000,971.000000,15686.000000,347.000000,162.000000
0.249828,0.294338,0.328825,1.048679,14.720576,20.798382,17.832089,16.000000,21.000000,19.000000,25.000000,397.000000,0.015804,0.004165,0.019626,0.006146,16325.000000,57270.000000,55794.000000,1124.000000,352.000000,15999.000000,258.000000,68.000000
0.253012,0.296913,0.378958,1.006119,21.479973,27.178744,14.925102,24.000000,28.000000,25.000000,30.000000,366.000000,0.115675,0.018022,0.137970,0.032397,2386.000000,8828.000000,7324.000000,1218.000000,286.000000,2067.000000,276.000000,43.000000
0.249600,0.293501,0.342158,1.167856,13.718255,19.340388,12.914617,13.000000,21.000000,20.000000,26.000000,443.000000,0.016046,0.000915,0.019896,0.001447,16390.000000,57348.000000,56124.000000,1141.000000,83.000000,16112.000000,263.000000,15.000000
0.250061,0.304805,0.387202,0.901951,25.545608,40.656957,13.696488,24.000000,30.000000,26.000000,39.000000,338.000000,0.053711,0.001652,0.069336,0.003219,17557.000000,62435.000000,57905.000000,4329.000000,201.000000,16585.000000,943.000000,29.000000
0.249452,0.302659,0.333541,1.309426,10.442426,11.512041,17.275373,16.000000,17.000000,18.000000,19.000000,496.000000,0.017461,0.003638,0.022619,0.005499,16494.000000,57827.000000,56201.000000,1308.000000,318.000000,16146.000000,288.000000,60.000000
0.250945,0.325642,0.351968,0.941229,23.490163,30.094499,22.261097,24.000000,26.000000,25.000000,31.000000,351.000000,0.010719,0.024540,0.015252,0.039832,17726.000000,63467.000000,59971.000000,968.000000,2528.000000,17101.000000,190.000000,435.000000
0.245912,0.335419,0.354957,1.035051,18.273648,18.437751,23.086666,15.000000,19.000000,22.000000,22.000000,385.000000,0.004578,0.070268,0.006798,0.115054,8738.000000,31481.000000,27645.000000,214.000000,3622.000000,8084.000000,40.000000,614.000000
0.253098,0.309662,0.321888,1.012820,15.530186,21.576894,15.352075,14.000000,20.000000,19.000000,25.000000,379.000000,0.010765,0.001515,0.014225,0.002128,18486.000000,65801.000000,64725.000000,936.000000,140.000000,18259.000000,199.000000,28.000000
0.249772,0.295925,0.316601,0.826270,32.928522,41.621012,14.903617,19.000000,26.000000,30.000000,37.000000,314.000000,0.002495,0.001247,0.003138,0.001740,18440.000000,64362.000000,64048.000000,202.000000,112.000000,18371.000000,46.000000,23.000000
0.248416,0.316037,0.339847,1.154879,20.214881,27.363693,21.590881,22.000000,27.000000,27.000000,35.000000,438.000000,0.006080,0.015391,0.008430,0.024039,18257.000000,63939.000000,61863.000000,539.000000,1537.000000,17865.000000,111.000000,281.000000
0.247632,0.311546,0.335315,1.136808,16.142637,21.648106,17.754158,17.000000,22.000000,22.000000,28.000000,433.000000,0.020106,0.003799,0.027411,0.005834,18950.000000,65995.000000,63801.000000,1809.000000,385.000000,18497.000000,381.000000,72.000000
0.249562,0.295365,0.368021,1.055459,22.195646,30.443696,20.368661,26.000000,30.000000,27.000000,35.000000,395.000000,0.046261,0.014165,0.056839,0.025028,20190.000000,71958.000000,66067.000000,4090.000000,1801.000000,18970.000000,934.000000,286.000000
0.249606,0.298128,0.344087,1.041295,17.773267,23.983349,21.334247,21.000000,25.000000,22.000000,28.000000,392.000000,0.025583,0.013051,0.032128,0.020625,21147.000000,74763.000000,70819.000000,2402.000000,1542.000000,20330.000000,541.000000,276.000000
0.251118,0.300480,0.334080,0.927703,24.698194,30.422566,18.930688,22.000000,26.000000,26.000000,31.000000,349.000000,0.017055,0.005410,0.021665,0.008130,19408.000000,68635.000000,66590.000000,1487.000000,558.000000,18972.000000,331.000000,105.000000
0.252445,0.333862,0.356735,1.051050,21.741921,21.933968,19.948681,17.000000,22.000000,26.000000,26.000000,393.000000,0.004449,0.009798,0.006626,0.016358,21127.000000,75315.000000,73584.000000,499.000000,1232.000000,20826.000000,94.000000,207.000000
0.251462,0.300092,0.356158,0.955564,14.458228,20.215304,23.011957,16.000000,20.000000,17.000000,22.000000,355.000000,0.013081,0.028855,0.016300,0.047588,21175.000000,76196.000000,71328.000000,1242.000000,3626.000000,20287.000000,277.000000,611.000000
0.250956,0.293173,0.358226,0.887859,23.620369,35.502835,22.510945,23.000000,33.000000,24.000000,34.000000,331.000000,0.026175,0.021180,0.031656,0.035461,25024.000000,89620.000000,83605.000000,2837.000000,3178.000000,23839.000000,655.000000,530.000000
0.251207,0.288462,0.356831,1.127656,12.495650,28.235384,13.662484,16.000000,22.000000,18.000000,35.000000,425.000000,0.019150,0.000867,0.022967,0.001463,25379.000000,89521.000000,87334.000000,2056.000000,131.000000,24871.000000,486.000000,22.000000
0.249611,0.219722,0.315883,1.031569,26.469505,21.069192,20.688814,19.000000,22.000000,32.000000,25.000000,392.000000,0.000228,0.005400,0.000196,0.007506,26294.000000,91788.000000,91081.000000,18.000000,689.000000,26146.000000,6.000000,142.000000
0.248787,0.292771,0.345137,0.999684,30.595107,24.111142,20.781358,23.000000,26.000000,34.000000,27.000000,380.000000,0.002432,0.009099,0.003011,0.014639,25497.000000,89006.000000,87435.000000,268.000000,1303.000000,25203.000000,62.000000,232.000000
0.249504,0.310628,0.353389,1.075853,10.723142,18.548644,18.901556,13.000000,22.000000,15.000000,23.000000,407.000000,0.014454,0.005327,0.019450,0.008877,25529.000000,89666.000000,87126.000000,1744.000000,796.000000,25024.000000,369.000000,136.000000
0.248703,0.317960,0.355100,1.085583,21.726374,29.424620,19.202839,22.000000,29.000000,27.000000,35.000000,413.000000,0.002886,0.006214,0.004058,0.010520,24944.000000,86981.000000,85713.000000,353.000000,915.000000,24717.000000,72.000000,155.000000
0.248858,0.250553,0.244755,1.034723,12.438340,22.008224,11.575708,14.000000,16.000000,17.000000,27.000000,395.000000,0.000357,0.000179,0.000360,0.000175,27979.000000,97100.000000,97048.000000,35.000000,17.000000,27964.000000,10.000000,5.000000
0.248405,0.295797,0.081093,1.065293,21.964439,25.216832,13.547556,25.000000,32.000000,27.000000,40.000000,407.000000,0.005309,0.000076,0.006719,0.000033,26182.000000,90783.000000,90170.000000,610.000000,3.000000,26041.000000,139.000000,2.000000
0.251788,0.301483,0.341667,1.016031,16.367504,20.694508,20.149675,18.000000,22.000000,20.000000,24.000000,377.000000,0.060975,0.009838,0.076433,0.015077,17991.000000,64802.000000,58872.000000,4953.000000,977.000000,16717.000000,1097.000000,177.000000
0.249704,0.264299,0.334193,0.927004,13.476304,19.661339,18.897314,15.000000,19.000000,16.000000,21.000000,352.000000,0.008901,0.003630,0.009550,0.005524,28649.000000,100105.000000,98596.000000,956.000000,553.000000,28290.000000,255.000000,104.000000
0.249953,0.299847,0.342482,1.067591,19.145476,25.180779,21.236411,20.000000,25.000000,24.000000,30.000000,404.000000,0.001654,0.009347,0.002110,0.014758,27816.000000,97644.000000,95997.000000,206.000000,1441.000000,27510.000000,46.000000,260.000000
0.248914,0.304419,0.341622,1.217843,13.137528,17.600877,18.705595,18.000000,23.000000,20.000000,25.000000,462.000000,0.019119,0.003413,0.025031,0.005382,31644.000000,110743.000000,107375.000000,2772.000000,596.000000,30931.000000,605.000000,108.000000
0.249406,0.264623,0.357930,1.030906,29.201726,36.006960,17.207565,29.000000,34.000000,34.000000,40.000000,392.000000,0.003580,0.002886,0.003854,0.004953,27377.000000,95497.000000,94656.000000,368.000000,473.000000,27200.000000,98.000000,79.000000
0.250148,0.306716,0.369454,1.125976,7.397079,10.615079,20.365272,11.000000,14.000000,12.000000,15.000000,423.000000,0.020972,0.009941,0.027417,0.017785,29373.000000,104133.000000,99426.000000,2855.000000,1852.000000,28465.000000,616.000000,292.000000
0.249519,0.294023,0.341606,1.172629,19.624091,21.803408,21.993671,24.000000,26.000000,27.000000,29.000000,444.000000,0.005751,0.010434,0.007131,0.016412,31818.000000,111624.000000,108996.000000,796.000000,1832.000000,31303.000000,183.000000,332.000000
0.249987,0.313955,0.353646,1.116250,23.690535,23.152164,18.742034,20.000000,26.000000,30.000000,29.000000,423.000000,0.002435,0.004363,0.003340,0.007298,29565.000000,103586.000000,102484.000000,346.000000,756.000000,29364.000000,72.000000,129.000000
0.251199,0.298965,0.330821,0.979133,15.038737,23.531325,22.473938,17.000000,18.000000,18.000000,26.000000,367.000000,0.025485,0.010696,0.031973,0.015736,30292.000000,107653.000000,102517.000000,3442.000000,1694.000000,29196.000000,772.000000,324.000000
0.248957,0.296820,0.356276,1.157956,19.947913,24.828102,18.268882,24.000000,27.000000,27.000000,32.000000,440.000000,0.011896,0.003519,0.015026,0.005984,32112.000000,112136.000000,109780.000000,1685.000000,671.000000,31617.000000,382.000000,113.000000
0.251449,0.394816,0.342960,1.012928,29.058758,26.701313,19.490955,19.000000,26.000000,32.000000,30.000000,382.000000,0.000141,0.004064,0.000288,0.006405,35437.000000,124899.000000,124063.000000,36.000000,800.000000,35288.000000,5.000000,144.000000
0.249966,0.315216,0.334483,0.891822,25.981367,30.649306,18.100913,23.000000,26.000000,26.000000,30.000000,337.000000,0.016919,0.002362,0.023264,0.003577,33868.000000,119109.000000,115912.000000,2771.000000,426.000000,33215.000000,573.000000,80.000000
0.250644,0.307310,0.325021,1.176055,14.602254,22.432277,16.191856,19.000000,21.000000,21.000000,30.000000,445.000000,0.005514,0.001037,0.007303,0.001501,36634.000000,128569.000000,127437.000000,939.000000,193.000000,36394.000000,202.000000,38.000000
0.250911,0.322235,0.354852,1.031680,16.282535,19.475665,22.165758,18.000000,22.000000,20.000000,23.000000,388.000000,0.003059,0.011755,0.004329,0.019584,37600.000000,133065.000000,129883.000000,576.000000,2606.000000,37043.000000,115.000000,442.000000
0.250376,0.301115,0.298938,1.023909,19.141939,24.977650,20.631456,19.000000,23.000000,23.000000,29.000000,387.000000,0.015261,0.002749,0.019567,0.003487,38923.000000,136813.000000,133659.000000,2677.000000,477.000000,38222.000000,594.000000,107.000000
0.250633,0.302798,0.371953,0.981233,25.232997,29.923520,15.234261,24.000000,31.000000,28.000000,32.000000,371.000000,0.006112,0.001897,0.007906,0.003467,23724.000000,83350.000000,82402.000000,659.000000,289.000000,23534.000000,145.000000,45.000000
0.251097,0.311450,0.348594,0.940266,30.822149,34.354853,16.164340,27.000000,31.000000,32.000000,35.000000,355.000000,0.005855,0.001216,0.007895,0.001974,40308.000000,141862.000000,140462.000000,1120.000000,280.000000,40023.000000,236.000000,49.000000
0.251401,0.314139,0.352929,1.059079,29.864293,35.879466,19.415344,30.000000,37.000000,35.000000,41.000000,397.000000,0.007735,0.012530,0.010468,0.020588,12929.000000,45950.000000,44523.000000,481.000000,946.000000,12667.000000,100.000000,162.000000
0.250379,0.302044,0.338692,1.216493,18.884168,21.708516,20.021295,25.000000,27.000000,27.000000,30.000000,458.000000,0.023042,0.006678,0.029524,0.010277,24260.000000,85727.000000,82315.000000,2531.000000,881.000000,23539.000000,559.000000,162.000000
0.250214,0.300037,0.345818,0.806702,14.021686,23.140212,20.516778,13.000000,17.000000,14.000000,21.000000,304.000000,0.027055,0.003968,0.034362,0.006336,53927.000000,190326.000000,182580.000000,6540.000000,1206.000000,52254.000000,1459.000000,214.000000
0.248822,0.291994,0.352506,0.954620,12.288329,16.018840,19.432653,14.000000,17.000000,15.000000,18.000000,363.000000,0.014483,0.002847,0.017875,0.004756,56894.000000,198484.000000,193992.000000,3548.000000,944.000000,55908.000000,824.000000,162.000000
0.251056,0.307066,0.348073,1.038784,24.660631,26.006963,21.796590,15.000000,26.000000,29.000000,30.000000,392.000000,0.000693,0.005709,0.000914,0.009239,60602.000000,213447.000000,211280.000000,195.000000,1972.000000,60214.000000,42.000000,346.000000
0.249692,0.309991,0.343696,0.938835,18.077098,31.175245,23.698166,17.000000,26.000000,20.000000,32.000000,355.000000,0.008392,0.009131,0.011250,0.014487,67684.000000,237866.000000,231744.000000,2676.000000,3446.000000,66498.000000,568.000000,618.000000
0.249495,0.291981,0.392332,0.946094,30.398391,32.331382,13.400639,24.000000,30.000000,32.000000,33.000000,360.000000,0.002121,0.000398,0.002620,0.000811,67904.000000,236627.000000,235815.000000,620.000000,192.000000,67733.000000,144.000000,27.000000
0.250867,0.298166,0.354812,1.004602,16.554555,22.067090,17.834620,17.000000,24.000000,20.000000,25.000000,380.000000,0.002224,0.001390,0.002813,0.002334,68340.000000,239935.000000,238700.000000,675.000000,560.000000,68093.000000,152.000000,95.000000
0.252567,0.307278,0.357108,0.971070,18.371256,28.093501,20.370510,19.000000,26.000000,21.000000,30.000000,349.000000,0.129143,0.034725,0.159492,0.055020,6969.000000,26227.000000,20601.000000,4183.000000,1443.000000,5827.000000,900.000000,242.000000
0.249270,0.303209,0.326426,0.813198,24.985335,30.138764,17.593591,21.000000,23.000000,23.000000,27.000000,309.000000,0.009280,0.002359,0.012104,0.003455,25863.000000,90300.000000,88895.000000,1093.000000,312.000000,25562.000000,240.000000,61.000000
0.251957,0.289846,0.376010,1.112316,23.520652,28.806380,17.945212,29.000000,34.000000,30.000000,35.000000,418.000000,0.014696,0.001671,0.017681,0.003094,77778.000000,275375.000000,269654.000000,4869.000000,852.000000,76505.000000,1143.000000,130.000000
0.249597,0.303042,0.311629,0.885854,29.436901,46.460635,13.897084,21.000000,26.000000,29.000000,44.000000,337.000000,0.001885,0.000234,0.002461,0.000319,68437.000000,238546.000000,237883.000000,587.000000,76.000000,68292.000000,129.000000,16.000000
0.248918,0.310788,0.361396,1.023935,17.291476,24.578429,19.094647,19.000000,25.000000,21.000000,28.000000,390.000000,0.003707,0.001854,0.005037,0.003244,87939.000000,306119.000000,303584.000000,1542.000000,993.000000,87450.000000,326.000000,163.000000
